0.000000 0 
0.076717 0 
0.153430 0 
0.230133 0 
0.306823 0 
0.383495 0 
0.460144 0 
0.536766 0 
0.613357 0 
0.689911 0 
0.766425 0 
0.842894 0 
0.919313 0 
0.995678 0 
1.071985 0 
1.148228 0 
1.224404 0 
1.300508 0 
1.376535 0 
1.452481 0 
1.528342 0 
1.604113 0 
1.679789 0 
1.755367 0 
1.830841 0 
1.906207 0 
1.981461 0 
2.056599 0 
2.131616 0 
2.206507 0 
2.281268 0 
2.355895 0 
2.430383 0 
2.504728 0 
2.578926 0 
2.652972 0 
2.726862 0 
2.800592 0 
2.874156 0 
2.947552 0 
3.020774 0 
3.093818 0 
3.166680 0 
3.239356 0 
3.311841 0 
3.384131 0 
3.456222 0 
3.528109 0 
3.599789 0 
3.671257 0 
3.742509 0 
3.813541 0 
3.884348 0 
3.954927 0 
4.025272 0 
4.095381 0 
4.165249 0 
4.234872 0 
4.304245 0 
4.373366 0 
4.442228 0 
4.510830 0 
4.579165 0 
4.647232 0 
4.715025 0 
4.782540 0 
4.849774 0 
4.916722 0 
4.983381 0 
5.049747 0 
5.115815 0 
5.181582 0 
5.247045 0 
5.312198 0 
5.377039 0 
5.441564 0 
5.505768 0 
5.569648 0 
5.633201 0 
5.696421 0 
5.759307 0 
5.821853 0 
5.884057 0 
5.945915 0 
6.007423 0 
6.068577 0 
6.129374 0 
6.189810 0 
6.249882 0 
6.309586 0 
6.368918 0 
6.427876 0 
6.486456 0 
6.544653 0 
6.602466 0 
6.659890 0 
6.716922 0 
6.773558 0 
6.829796 0 
6.885632 0 
6.941063 0 
6.996085 0 
7.050696 0 
7.104891 0 
7.158668 0 
7.212024 0 
7.264956 0 
7.317460 0 
7.369533 0 
7.421173 0 
7.472375 0 
7.523138 0 
7.573458 0 
7.623333 0 
7.672759 0 
7.721733 0 
7.770252 0 
7.818315 0 
7.865917 0 
7.913056 0 
7.959730 0 
8.005935 0 
8.051669 0 
8.096929 0 
8.141712 0 
8.186016 0 
8.229839 0 
8.273177 0 
8.316028 0 
8.358389 0 
8.400259 0 
8.441635 0 
8.482513 0 
8.522892 0 
8.562770 0 
8.602144 0 
8.641011 0 
8.679370 0 
8.717218 0 
8.754553 0 
8.791372 0 
8.827674 0 
8.863457 0 
8.898718 0 
8.933455 0 
8.967667 0 
9.001350 0 
9.034504 0 
9.067126 0 
9.099215 0 
9.130768 0 
9.161783 0 
9.192260 0 
9.222195 0 
9.251588 0 
9.280436 0 
9.308737 0 
9.336491 0 
9.363696 0 
9.390349 0 
9.416450 0 
9.441996 0 
9.466987 0 
9.491420 0 
9.515295 0 
9.538610 0 
9.561364 0 
9.583554 0 
9.605181 0 
9.626242 0 
9.646737 0 
9.666664 0 
9.686022 0 
9.704810 0 
9.723027 0 
9.740672 0 
9.757743 0 
9.774240 0 
9.790162 0 
9.805507 0 
9.820276 0 
9.834466 0 
9.848078 0 
9.861109 0 
9.873561 0 
9.885432 0 
9.896720 0 
9.907426 0 
9.917549 0 
9.927089 0 
9.936044 0 
9.944414 0 
9.952199 0 
9.959398 0 
9.966011 0 
9.972038 0 
9.977478 0 
9.982330 0 
9.986595 0 
9.990272 0 
9.993361 0 
9.995862 0 
9.997775 0 
9.999099 0 
9.999834 0 
9.999982 0 
9.999540 0 
9.998510 0 
9.996892 0 
9.994685 0 
9.991890 0 
9.988507 0 
9.984536 0 
9.979977 0 
9.974831 0 
9.969098 0 
9.962778 0 
9.955872 0 
9.948380 0 
9.940302 0 
9.931639 0 
9.922392 0 
9.912561 0 
9.902146 0 
9.891149 0 
9.879569 0 
9.867408 0 
9.854666 0 
9.841344 0 
9.827443 0 
9.812964 0 
9.797907 0 
9.782273 0 
9.766063 0 
9.749279 0 
9.731921 0 
9.713990 0 
9.695488 0 
9.676415 0 
9.656772 0 
9.636561 0 
9.615783 0 
9.594438 0 
9.572530 0 
9.550057 0 
9.527023 0 
9.503428 0 
9.479273 0 
9.454561 0 
9.429292 0 
9.403469 0 
9.377091 0 
9.350162 0 
9.322683 0 
9.294655 0 
9.266080 0 
9.236959 0 
9.207295 0 
9.177089 0 
9.146343 0 
9.115059 0 
9.083238 0 
9.050882 0 
9.017994 0 
8.984575 0 
8.950627 0 
8.916152 0 
8.881153 0 
8.845631 0 
8.809588 0 
8.773027 0 
8.735949 0 
8.698358 0 
8.660254 0 
8.621641 0 
8.582520 0 
8.542894 0 
8.502765 0 
8.462136 0 
8.421009 0 
8.379386 0 
8.337270 0 
8.294663 0 
8.251568 0 
8.207988 0 
8.163924 0 
8.119380 0 
8.074358 0 
8.028861 0 
7.982891 0 
7.936451 0 
7.889545 0 
7.842174 0 
7.794341 0 
7.746050 0 
7.697302 0 
7.648102 0 
7.598452 0 
7.548354 0 
7.497812 0 
7.446829 0 
7.395407 0 
7.343551 0 
7.291262 0 
7.238543 0 
7.185399 0 
7.131832 0 
7.077846 0 
7.023442 0 
6.968625 0 
6.913399 0 
6.857765 0 
6.801727 0 
6.745290 0 
6.688455 0 
6.631227 0 
6.573608 0 
6.515602 0 
6.457213 0 
6.398444 0 
6.339299 0 
6.279780 0 
6.219891 0 
6.159637 0 
6.099020 0 
6.038044 0 
5.976713 0 
5.915030 0 
5.852998 0 
5.790623 0 
5.727906 0 
5.664853 0 
5.601466 0 
5.537749 0 
5.473706 0 
5.409341 0 
5.344658 0 
5.279661 0 
5.214352 0 
5.148737 0 
5.082818 0 
5.016601 0 
4.950088 0 
4.883284 0 
4.816192 0 
4.748817 0 
4.681163 0 
4.613233 0 
4.545031 0 
4.476562 0 
4.407829 0 
4.338837 0 
4.269590 0 
4.200091 0 
4.130346 0 
4.060357 0 
3.990129 0 
3.919666 0 
3.848973 0 
3.778053 0 
3.706910 0 
3.635550 0 
3.563975 0 
3.492191 0 
3.420201 0 
3.348010 0 
3.275622 0 
3.203041 0 
3.130272 0 
3.057318 0 
2.984185 0 
2.910875 0 
2.837395 0 
2.763747 0 
2.689937 0 
2.615969 0 
2.541846 0 
2.467574 0 
2.393157 0 
2.318598 0 
2.243904 0 
2.169077 0 
2.094123 0 
2.019045 0 
1.943849 0 
1.868538 0 
1.793117 0 
1.717591 0 
1.641963 0 
1.566239 0 
1.490423 0 
1.414519 0 
1.338531 0 
1.262465 0 
1.186325 0 
1.110115 0 
1.033839 0 
0.957503 0 
0.881110 0 
0.804666 0 
0.728174 0 
0.651639 0 
0.575066 0 
0.498459 0 
0.421823 0 
0.345161 0 
0.268480 0 
0.191783 0 
0.115074 0 
0.038359 0 
-0.038359 0 
-0.115074 0 
-0.191783 0 
-0.268480 0 
-0.345161 0 
-0.421823 0 
-0.498459 0 
-0.575066 0 
-0.651639 0 
-0.728174 0 
-0.804666 0 
-0.881110 0 
-0.957503 0 
-1.033839 0 
-1.110115 0 
-1.186325 0 
-1.262465 0 
-1.338531 0 
-1.414519 0 
-1.490423 0 
-1.566239 0 
-1.641963 0 
-1.717591 0 
-1.793117 0 
-1.868538 0 
-1.943849 0 
-2.019045 0 
-2.094123 0 
-2.169077 0 
-2.243904 0 
-2.318598 0 
-2.393157 0 
-2.467574 0 
-2.541846 0 
-2.615969 0 
-2.689937 0 
-2.763747 0 
-2.837395 0 
-2.910875 0 
-2.984185 0 
-3.057318 0 
-3.130272 0 
-3.203041 0 
-3.275622 0 
-3.348010 0 
-3.420201 0 
-3.492191 0 
-3.563975 0 
-3.635550 0 
-3.706910 0 
-3.778053 0 
-3.848973 0 
-3.919666 0 
-3.990129 0 
-4.060357 0 
-4.130346 0 
-4.200091 0 
-4.269590 0 
-4.338837 0 
-4.407829 0 
-4.476562 0 
-4.545031 0 
-4.613233 0 
-4.681163 0 
-4.748817 0 
-4.816192 0 
-4.883284 0 
-4.950088 0 
-5.016601 0 
-5.082818 0 
-5.148737 0 
-5.214352 0 
-5.279661 0 
-5.344658 0 
-5.409341 0 
-5.473706 0 
-5.537749 0 
-5.601466 0 
-5.664853 0 
-5.727906 0 
-5.790623 0 
-5.852998 0 
-5.915030 0 
-5.976713 0 
-6.038044 0 
-6.099020 0 
-6.159637 0 
-6.219891 0 
-6.279780 0 
-6.339299 0 
-6.398444 0 
-6.457213 0 
-6.515602 0 
-6.573608 0 
-6.631227 0 
-6.688455 0 
-6.745290 0 
-6.801727 0 
-6.857765 0 
-6.913399 0 
-6.968625 0 
-7.023442 0 
-7.077846 0 
-7.131832 0 
-7.185399 0 
-7.238543 0 
-7.291262 0 
-7.343551 0 
-7.395407 0 
-7.446829 0 
-7.497812 0 
-7.548354 0 
-7.598452 0 
-7.648102 0 
-7.697302 0 
-7.746050 0 
-7.794341 0 
-7.842174 0 
-7.889545 0 
-7.936451 0 
-7.982891 0 
-8.028861 0 
-8.074358 0 
-8.119380 0 
-8.163924 0 
-8.207988 0 
-8.251568 0 
-8.294663 0 
-8.337270 0 
-8.379386 0 
-8.421009 0 
-8.462136 0 
-8.502765 0 
-8.542894 0 
-8.582520 0 
-8.621641 0 
-8.660254 0 
-8.698358 0 
-8.735949 0 
-8.773027 0 
-8.809588 0 
-8.845631 0 
-8.881153 0 
-8.916152 0 
-8.950627 0 
-8.984575 0 
-9.017994 0 
-9.050882 0 
-9.083238 0 
-9.115059 0 
-9.146343 0 
-9.177089 0 
-9.207295 0 
-9.236959 0 
-9.266080 0 
-9.294655 0 
-9.322683 0 
-9.350162 0 
-9.377091 0 
-9.403469 0 
-9.429292 0 
-9.454561 0 
-9.479273 0 
-9.503428 0 
-9.527023 0 
-9.550057 0 
-9.572530 0 
-9.594438 0 
-9.615783 0 
-9.636561 0 
-9.656772 0 
-9.676415 0 
-9.695488 0 
-9.713990 0 
-9.731921 0 
-9.749279 0 
-9.766063 0 
-9.782273 0 
-9.797907 0 
-9.812964 0 
-9.827443 0 
-9.841344 0 
-9.854666 0 
-9.867408 0 
-9.879569 0 
-9.891149 0 
-9.902146 0 
-9.912561 0 
-9.922392 0 
-9.931639 0 
-9.940302 0 
-9.948380 0 
-9.955872 0 
-9.962778 0 
-9.969098 0 
-9.974831 0 
-9.979977 0 
-9.984536 0 
-9.988507 0 
-9.991890 0 
-9.994685 0 
-9.996892 0 
-9.998510 0 
-9.999540 0 
-9.999982 0 
-9.999834 0 
-9.999099 0 
-9.997775 0 
-9.995862 0 
-9.993361 0 
-9.990272 0 
-9.986595 0 
-9.982330 0 
-9.977478 0 
-9.972038 0 
-9.966011 0 
-9.959398 0 
-9.952199 0 
-9.944414 0 
-9.936044 0 
-9.927089 0 
-9.917549 0 
-9.907426 0 
-9.896720 0 
-9.885432 0 
-9.873561 0 
-9.861109 0 
-9.848078 0 
-9.834466 0 
-9.820276 0 
-9.805507 0 
-9.790162 0 
-9.774240 0 
-9.757743 0 
-9.740672 0 
-9.723027 0 
-9.704810 0 
-9.686022 0 
-9.666664 0 
-9.646737 0 
-9.626242 0 
-9.605181 0 
-9.583554 0 
-9.561364 0 
-9.538610 0 
-9.515295 0 
-9.491420 0 
-9.466987 0 
-9.441996 0 
-9.416450 0 
-9.390349 0 
-9.363696 0 
-9.336491 0 
-9.308737 0 
-9.280436 0 
-9.251588 0 
-9.222195 0 
-9.192260 0 
-9.161783 0 
-9.130768 0 
-9.099215 0 
-9.067126 0 
-9.034504 0 
-9.001350 0 
-8.967667 0 
-8.933455 0 
-8.898718 0 
-8.863457 0 
-8.827674 0 
-8.791372 0 
-8.754553 0 
-8.717218 0 
-8.679370 0 
-8.641011 0 
-8.602144 0 
-8.562770 0 
-8.522892 0 
-8.482513 0 
-8.441635 0 
-8.400259 0 
-8.358389 0 
-8.316028 0 
-8.273177 0 
-8.229839 0 
-8.186016 0 
-8.141712 0 
-8.096929 0 
-8.051669 0 
-8.005935 0 
-7.959730 0 
-7.913056 0 
-7.865917 0 
-7.818315 0 
-7.770252 0 
-7.721733 0 
-7.672759 0 
-7.623333 0 
-7.573458 0 
-7.523138 0 
-7.472375 0 
-7.421173 0 
-7.369533 0 
-7.317460 0 
-7.264956 0 
-7.212024 0 
-7.158668 0 
-7.104891 0 
-7.050696 0 
-6.996085 0 
-6.941063 0 
-6.885632 0 
-6.829796 0 
-6.773558 0 
-6.716922 0 
-6.659890 0 
-6.602466 0 
-6.544653 0 
-6.486456 0 
-6.427876 0 
-6.368918 0 
-6.309586 0 
-6.249882 0 
-6.189810 0 
-6.129374 0 
-6.068577 0 
-6.007423 0 
-5.945915 0 
-5.884057 0 
-5.821853 0 
-5.759307 0 
-5.696421 0 
-5.633201 0 
-5.569648 0 
-5.505768 0 
-5.441564 0 
-5.377039 0 
-5.312198 0 
-5.247045 0 
-5.181582 0 
-5.115815 0 
-5.049747 0 
-4.983381 0 
-4.916722 0 
-4.849774 0 
-4.782540 0 
-4.715025 0 
-4.647232 0 
-4.579165 0 
-4.510830 0 
-4.442228 0 
-4.373366 0 
-4.304245 0 
-4.234872 0 
-4.165249 0 
-4.095381 0 
-4.025272 0 
-3.954927 0 
-3.884348 0 
-3.813541 0 
-3.742509 0 
-3.671257 0 
-3.599789 0 
-3.528109 0 
-3.456222 0 
-3.384131 0 
-3.311841 0 
-3.239356 0 
-3.166680 0 
-3.093818 0 
-3.020774 0 
-2.947552 0 
-2.874156 0 
-2.800592 0 
-2.726862 0 
-2.652972 0 
-2.578926 0 
-2.504728 0 
-2.430383 0 
-2.355895 0 
-2.281268 0 
-2.206507 0 
-2.131616 0 
-2.056599 0 
-1.981461 0 
-1.906207 0 
-1.830841 0 
-1.755367 0 
-1.679789 0 
-1.604113 0 
-1.528342 0 
-1.452481 0 
-1.376535 0 
-1.300508 0 
-1.224404 0 
-1.148228 0 
-1.071985 0 
-0.995678 0 
-0.919313 0 
-0.842894 0 
-0.766425 0 
-0.689911 0 
-0.613357 0 
-0.536766 0 
-0.460144 0 
-0.383495 0 
-0.306823 0 
-0.230133 0 
-0.153430 0 
-0.076717 0 
-0.000000 0 
0.076717 0 
0.153430 0 
0.230133 0 
0.306823 0 
0.383495 0 
0.460144 0 
0.536766 0 
0.613357 0 
0.689911 0 
0.766425 0 
0.842894 0 
0.919313 0 
0.995678 0 
1.071985 0 
1.148228 0 
1.224404 0 
1.300508 0 
1.376535 0 
1.452481 0 
1.528342 0 
1.604113 0 
1.679789 0 
1.755367 0 
1.830841 0 
1.906207 0 
1.981461 0 
2.056599 0 
2.131616 0 
2.206507 0 
2.281268 0 
2.355895 0 
2.430383 0 
2.504728 0 
2.578926 0 
2.652972 0 
2.726862 0 
2.800592 0 
2.874156 0 
2.947552 0 
3.020774 0 
3.093818 0 
3.166680 0 
3.239356 0 
3.311841 0 
3.384131 0 
3.456222 0 
3.528109 0 
3.599789 0 
3.671257 0 
3.742509 0 
3.813541 0 
3.884348 0 
3.954927 0 
4.025272 0 
4.095381 0 
4.165249 0 
4.234872 0 
4.304245 0 
4.373366 0 
4.442228 0 
4.510830 0 
4.579165 0 
4.647232 0 
4.715025 0 
4.782540 0 
4.849774 0 
4.916722 0 
4.983381 0 
5.049747 0 
5.115815 0 
5.181582 0 
5.247045 0 
5.312198 0 
5.377039 0 
5.441564 0 
5.505768 0 
5.569648 0 
5.633201 0 
5.696421 0 
5.759307 0 
5.821853 0 
5.884057 0 
5.945915 0 
6.007423 0 
6.068577 0 
6.129374 0 
6.189810 0 
6.249882 0 
6.309586 0 
6.368918 0 
6.427876 0 
6.486456 0 
6.544653 0 
6.602466 0 
6.659890 0 
6.716922 0 
6.773558 0 
6.829796 0 
6.885632 0 
6.941063 0 
6.996085 0 
7.050696 0 
7.104891 0 
7.158668 0 
7.212024 0 
7.264956 0 
7.317460 0 
7.369533 0 
7.421173 0 
7.472375 0 
7.523138 0 
7.573458 0 
7.623333 0 
7.672759 0 
7.721733 0 
7.770252 0 
7.818315 0 
7.865917 0 
7.913056 0 
7.959730 0 
8.005935 0 
8.051669 0 
8.096929 0 
8.141712 0 
8.186016 0 
8.229839 0 
8.273177 0 
8.316028 0 
8.358389 0 
8.400259 0 
8.441635 0 
8.482513 0 
8.522892 0 
8.562770 0 
8.602144 0 
8.641011 0 
8.679370 0 
8.717218 0 
8.754553 0 
8.791372 0 
8.827674 0 
8.863457 0 
8.898718 0 
8.933455 0 
8.967667 0 
9.001350 0 
9.034504 0 
9.067126 0 
9.099215 0 
9.130768 0 
9.161783 0 
9.192260 0 
9.222195 0 
9.251588 0 
9.280436 0 
9.308737 0 
9.336491 0 
9.363696 0 
9.390349 0 
9.416450 0 
9.441996 0 
9.466987 0 
9.491420 0 
9.515295 0 
9.538610 0 
9.561364 0 
9.583554 0 
9.605181 0 
9.626242 0 
9.646737 0 
9.666664 0 
9.686022 0 
9.704810 0 
9.723027 0 
9.740672 0 
9.757743 0 
9.774240 0 
9.790162 0 
9.805507 0 
9.820276 0 
9.834466 0 
9.848078 0 
9.861109 0 
9.873561 0 
9.885432 0 
9.896720 0 
9.907426 0 
9.917549 0 
9.927089 0 
9.936044 0 
9.944414 0 
9.952199 0 
9.959398 0 
9.966011 0 
9.972038 0 
9.977478 0 
9.982330 0 
9.986595 0 
9.990272 0 
9.993361 0 
9.995862 0 
9.997775 0 
9.999099 0 
9.999834 0 
9.999982 0 
9.999540 0 
9.998510 0 
9.996892 0 
9.994685 0 
9.991890 0 
9.988507 0 
9.984536 0 
9.979977 0 
9.974831 0 
9.969098 0 
9.962778 0 
9.955872 0 
9.948380 0 
9.940302 0 
9.931639 0 
9.922392 0 
9.912561 0 
9.902146 0 
9.891149 0 
9.879569 0 
9.867408 0 
9.854666 0 
9.841344 0 
9.827443 0 
9.812964 0 
9.797907 0 
9.782273 0 
9.766063 0 
9.749279 0 
9.731921 0 
9.713990 0 
9.695488 0 
9.676415 0 
9.656772 0 
9.636561 0 
9.615783 0 
9.594438 0 
9.572530 0 
9.550057 0 
9.527023 0 
9.503428 0 
9.479273 0 
9.454561 0 
9.429292 0 
9.403469 0 
9.377091 0 
9.350162 0 
9.322683 0 
9.294655 0 
9.266080 0 
9.236959 0 
9.207295 0 
9.177089 0 
9.146343 0 
9.115059 0 
9.083238 0 
9.050882 0 
9.017994 0 
8.984575 0 
8.950627 0 
8.916152 0 
8.881153 0 
8.845631 0 
8.809588 0 
8.773027 0 
8.735949 0 
8.698358 0 
8.660254 0 
8.621641 0 
8.582520 0 
8.542894 0 
8.502765 0 
8.462136 0 
8.421009 0 
8.379386 0 
8.337270 0 
8.294663 0 
8.251568 0 
8.207988 0 
8.163924 0 
8.119380 0 
8.074358 0 
8.028861 0 
7.982891 0 
7.936451 0 
7.889545 0 
7.842174 0 
7.794341 0 
7.746050 0 
7.697302 0 
7.648102 0 
7.598452 0 
7.548354 0 
7.497812 0 
7.446829 0 
7.395407 0 
7.343551 0 
7.291262 0 
7.238543 0 
7.185399 0 
7.131832 0 
7.077846 0 
7.023442 0 
6.968625 0 
6.913399 0 
6.857765 0 
6.801727 0 
6.745290 0 
6.688455 0 
6.631227 0 
6.573608 0 
6.515602 0 
6.457213 0 
6.398444 0 
6.339299 0 
6.279780 0 
6.219891 0 
6.159637 0 
6.099020 0 
6.038044 0 
5.976713 0 
5.915030 0 
5.852998 0 
5.790623 0 
5.727906 0 
5.664853 0 
5.601466 0 
5.537749 0 
5.473706 0 
5.409341 0 
5.344658 0 
5.279661 0 
5.214352 0 
5.148737 0 
5.082818 0 
5.016601 0 
4.950088 0 
4.883284 0 
4.816192 0 
4.748817 0 
4.681163 0 
4.613233 0 
4.545031 0 
4.476562 0 
4.407829 0 
4.338837 0 
4.269590 0 
4.200091 0 
4.130346 0 
4.060357 0 
3.990129 0 
3.919666 0 
3.848973 0 
3.778053 0 
3.706910 0 
3.635550 0 
3.563975 0 
3.492191 0 
3.420201 0 
3.348010 0 
3.275622 0 
3.203041 0 
3.130272 0 
3.057318 0 
2.984185 0 
2.910875 0 
2.837395 0 
2.763747 0 
2.689937 0 
2.615969 0 
2.541846 0 
2.467574 0 
2.393157 0 
2.318598 0 
2.243904 0 
2.169077 0 
2.094123 0 
2.019045 0 
1.943849 0 
1.868538 0 
1.793117 0 
1.717591 0 
1.641963 0 
1.566239 0 
1.490423 0 
1.414519 0 
1.338531 0 
1.262465 0 
1.186325 0 
1.110115 0 
1.033839 0 
0.957503 0 
0.881110 0 
0.804666 0 
0.728174 0 
0.651639 0 
0.575066 0 
0.498459 0 
0.421823 0 
0.345161 0 
0.268480 0 
0.191783 0 
0.115074 0 
0.038359 0 
-0.038359 0 
-0.115074 0 
-0.191783 0 
-0.268480 0 
-0.345161 0 
-0.421823 0 
-0.498459 0 
-0.575066 0 
-0.651639 0 
-0.728174 0 
-0.804666 0 
-0.881110 0 
-0.957503 0 
-1.033839 0 
-1.110115 0 
-1.186325 0 
-1.262465 0 
-1.338531 0 
-1.414519 0 
-1.490423 0 
-1.566239 0 
-1.641963 0 
-1.717591 0 
-1.793117 0 
-1.868538 0 
-1.943849 0 
-2.019045 0 
-2.094123 0 
-2.169077 0 
-2.243904 0 
-2.318598 0 
-2.393157 0 
-2.467574 0 
-2.541846 0 
-2.615969 0 
-2.689937 0 
-2.763747 0 
-2.837395 0 
-2.910875 0 
-2.984185 0 
-3.057318 0 
-3.130272 0 
-3.203041 0 
-3.275622 0 
-3.348010 0 
-3.420201 0 
-3.492191 0 
-3.563975 0 
-3.635550 0 
-3.706910 0 
-3.778053 0 
-3.848973 0 
-3.919666 0 
-3.990129 0 
-4.060357 0 
-4.130346 0 
-4.200091 0 
-4.269590 0 
-4.338837 0 
-4.407829 0 
-4.476562 0 
-4.545031 0 
-4.613233 0 
-4.681163 0 
-4.748817 0 
-4.816192 0 
-4.883284 0 
-4.950088 0 
-5.016601 0 
-5.082818 0 
-5.148737 0 
-5.214352 0 
-5.279661 0 
-5.344658 0 
-5.409341 0 
-5.473706 0 
-5.537749 0 
-5.601466 0 
-5.664853 0 
-5.727906 0 
-5.790623 0 
-5.852998 0 
-5.915030 0 
-5.976713 0 
-6.038044 0 
-6.099020 0 
-6.159637 0 
-6.219891 0 
-6.279780 0 
-6.339299 0 
-6.398444 0 
-6.457213 0 
-6.515602 0 
-6.573608 0 
-6.631227 0 
-6.688455 0 
-6.745290 0 
-6.801727 0 
-6.857765 0 
-6.913399 0 
-6.968625 0 
-7.023442 0 
-7.077846 0 
-7.131832 0 
-7.185399 0 
-7.238543 0 
-7.291262 0 
-7.343551 0 
-7.395407 0 
-7.446829 0 
-7.497812 0 
-7.548354 0 
-7.598452 0 
-7.648102 0 
-7.697302 0 
-7.746050 0 
-7.794341 0 
-7.842174 0 
-7.889545 0 
-7.936451 0 
-7.982891 0 
-8.028861 0 
-8.074358 0 
-8.119380 0 
-8.163924 0 
-8.207988 0 
-8.251568 0 
-8.294663 0 
-8.337270 0 
-8.379386 0 
-8.421009 0 
-8.462136 0 
-8.502765 0 
-8.542894 0 
-8.582520 0 
-8.621641 0 
-8.660254 0 
-8.698358 0 
-8.735949 0 
-8.773027 0 
-8.809588 0 
-8.845631 0 
-8.881153 0 
-8.916152 0 
-8.950627 0 
-8.984575 0 
-9.017994 0 
-9.050882 0 
-9.083238 0 
-9.115059 0 
-9.146343 0 
-9.177089 0 
-9.207295 0 
-9.236959 0 
-9.266080 0 
-9.294655 0 
-9.322683 0 
-9.350162 0 
-9.377091 0 
-9.403469 0 
-9.429292 0 
-9.454561 0 
-9.479273 0 
-9.503428 0 
-9.527023 0 
-9.550057 0 
-9.572530 0 
-9.594438 0 
-9.615783 0 
-9.636561 0 
-9.656772 0 
-9.676415 0 
-9.695488 0 
-9.713990 0 
-9.731921 0 
-9.749279 0 
-9.766063 0 
-9.782273 0 
-9.797907 0 
-9.812964 0 
-9.827443 0 
-9.841344 0 
-9.854666 0 
-9.867408 0 
-9.879569 0 
-9.891149 0 
-9.902146 0 
-9.912561 0 
-9.922392 0 
-9.931639 0 
-9.940302 0 
-9.948380 0 
-9.955872 0 
-9.962778 0 
-9.969098 0 
-9.974831 0 
-9.979977 0 
-9.984536 0 
-9.988507 0 
-9.991890 0 
-9.994685 0 
-9.996892 0 
-9.998510 0 
-9.999540 0 
-9.999982 0 
-9.999834 0 
-9.999099 0 
-9.997775 0 
-9.995862 0 
-9.993361 0 
-9.990272 0 
-9.986595 0 
-9.982330 0 
-9.977478 0 
-9.972038 0 
-9.966011 0 
-9.959398 0 
-9.952199 0 
-9.944414 0 
-9.936044 0 
-9.927089 0 
-9.917549 0 
-9.907426 0 
-9.896720 0 
-9.885432 0 
-9.873561 0 
-9.861109 0 
-9.848078 0 
-9.834466 0 
-9.820276 0 
-9.805507 0 
-9.790162 0 
-9.774240 0 
-9.757743 0 
-9.740672 0 
-9.723027 0 
-9.704810 0 
-9.686022 0 
-9.666664 0 
-9.646737 0 
-9.626242 0 
-9.605181 0 
-9.583554 0 
-9.561364 0 
-9.538610 0 
-9.515295 0 
-9.491420 0 
-9.466987 0 
-9.441996 0 
-9.416450 0 
-9.390349 0 
-9.363696 0 
-9.336491 0 
-9.308737 0 
-9.280436 0 
-9.251588 0 
-9.222195 0 
-9.192260 0 
-9.161783 0 
-9.130768 0 
-9.099215 0 
-9.067126 0 
-9.034504 0 
-9.001350 0 
-8.967667 0 
-8.933455 0 
-8.898718 0 
-8.863457 0 
-8.827674 0 
-8.791372 0 
-8.754553 0 
-8.717218 0 
-8.679370 0 
-8.641011 0 
-8.602144 0 
-8.562770 0 
-8.522892 0 
-8.482513 0 
-8.441635 0 
-8.400259 0 
-8.358389 0 
-8.316028 0 
-8.273177 0 
-8.229839 0 
-8.186016 0 
-8.141712 0 
-8.096929 0 
-8.051669 0 
-8.005935 0 
-7.959730 0 
-7.913056 0 
-7.865917 0 
-7.818315 0 
-7.770252 0 
-7.721733 0 
-7.672759 0 
-7.623333 0 
-7.573458 0 
-7.523138 0 
-7.472375 0 
-7.421173 0 
-7.369533 0 
-7.317460 0 
-7.264956 0 
-7.212024 0 
-7.158668 0 
-7.104891 0 
-7.050696 0 
-6.996085 0 
-6.941063 0 
-6.885632 0 
-6.829796 0 
-6.773558 0 
-6.716922 0 
-6.659890 0 
-6.602466 0 
-6.544653 0 
-6.486456 0 
-6.427876 0 
-6.368918 0 
-6.309586 0 
-6.249882 0 
-6.189810 0 
-6.129374 0 
-6.068577 0 
-6.007423 0 
-5.945915 0 
-5.884057 0 
-5.821853 0 
-5.759307 0 
-5.696421 0 
-5.633201 0 
-5.569648 0 
-5.505768 0 
-5.441564 0 
-5.377039 0 
-5.312198 0 
-5.247045 0 
-5.181582 0 
-5.115815 0 
-5.049747 0 
-4.983381 0 
-4.916722 0 
-4.849774 0 
-4.782540 0 
-4.715025 0 
-4.647232 0 
-4.579165 0 
-4.510830 0 
-4.442228 0 
-4.373366 0 
-4.304245 0 
-4.234872 0 
-4.165249 0 
-4.095381 0 
-4.025272 0 
-3.954927 0 
-3.884348 0 
-3.813541 0 
-3.742509 0 
-3.671257 0 
-3.599789 0 
-3.528109 0 
-3.456222 0 
-3.384131 0 
-3.311841 0 
-3.239356 0 
-3.166680 0 
-3.093818 0 
-3.020774 0 
-2.947552 0 
-2.874156 0 
-2.800592 0 
-2.726862 0 
-2.652972 0 
-2.578926 0 
-2.504728 0 
-2.430383 0 
-2.355895 0 
-2.281268 0 
-2.206507 0 
-2.131616 0 
-2.056599 0 
-1.981461 0 
-1.906207 0 
-1.830841 0 
-1.755367 0 
-1.679789 0 
-1.604113 0 
-1.528342 0 
-1.452481 0 
-1.376535 0 
-1.300508 0 
-1.224404 0 
-1.148228 0 
-1.071985 0 
-0.995678 0 
-0.919313 0 
-0.842894 0 
-0.766425 0 
-0.689911 0 
-0.613357 0 
-0.536766 0 
-0.460144 0 
-0.383495 0 
-0.306823 0 
-0.230133 0 
-0.153430 0 
-0.076717 0 
-0.000000 0 
0.076717 0 
0.153430 0 
0.230133 0 
0.306823 0 
0.383495 0 
0.460144 0 
0.536766 0 
0.613357 0 
0.689911 0 
0.766425 0 
0.842894 0 
0.919313 0 
0.995678 0 
1.071985 0 
1.148228 0 
1.224404 0 
1.300508 0 
1.376535 0 
1.452481 0 
1.528342 0 
1.604113 0 
1.679789 0 
1.755367 0 
1.830841 0 
1.906207 0 
1.981461 0 
2.056599 0 
2.131616 0 
2.206507 0 
2.281268 0 
2.355895 0 
2.430383 0 
2.504728 0 
2.578926 0 
2.652972 0 
2.726862 0 
2.800592 0 
2.874156 0 
2.947552 0 
3.020774 0 
3.093818 0 
3.166680 0 
3.239356 0 
3.311841 0 
3.384131 0 
3.456222 0 
3.528109 0 
3.599789 0 
3.671257 0 
3.742509 0 
3.813541 0 
3.884348 0 
3.954927 0 
4.025272 0 
4.095381 0 
4.165249 0 
4.234872 0 
4.304245 0 
4.373366 0 
4.442228 0 
4.510830 0 
4.579165 0 
4.647232 0 
4.715025 0 
4.782540 0 
4.849774 0 
4.916722 0 
4.983381 0 
5.049747 0 
5.115815 0 
5.181582 0 
5.247045 0 
5.312198 0 
5.377039 0 
5.441564 0 
5.505768 0 
5.569648 0 
5.633201 0 
5.696421 0 
5.759307 0 
5.821853 0 
5.884057 0 
5.945915 0 
6.007423 0 
6.068577 0 
6.129374 0 
6.189810 0 
6.249882 0 
6.309586 0 
6.368918 0 
6.427876 0 
6.486456 0 
6.544653 0 
6.602466 0 
6.659890 0 
6.716922 0 
6.773558 0 
6.829796 0 
6.885632 0 
6.941063 0 
6.996085 0 
7.050696 0 
7.104891 0 
7.158668 0 
7.212024 0 
7.264956 0 
7.317460 0 
7.369533 0 
7.421173 0 
7.472375 0 
7.523138 0 
7.573458 0 
7.623333 0 
7.672759 0 
7.721733 0 
7.770252 0 
7.818315 0 
7.865917 0 
7.913056 0 
7.959730 0 
8.005935 0 
8.051669 0 
8.096929 0 
8.141712 0 
8.186016 0 
8.229839 0 
8.273177 0 
8.316028 0 
8.358389 0 
8.400259 0 
8.441635 0 
8.482513 0 
8.522892 0 
8.562770 0 
8.602144 0 
8.641011 0 
8.679370 0 
8.717218 0 
8.754553 0 
8.791372 0 
8.827674 0 
8.863457 0 
8.898718 0 
8.933455 0 
8.967667 0 
9.001350 0 
9.034504 0 
9.067126 0 
9.099215 0 
9.130768 0 
9.161783 0 
9.192260 0 
9.222195 0 
9.251588 0 
9.280436 0 
9.308737 0 
9.336491 0 
9.363696 0 
9.390349 0 
9.416450 0 
9.441996 0 
9.466987 0 
9.491420 0 
9.515295 0 
9.538610 0 
9.561364 0 
9.583554 0 
9.605181 0 
9.626242 0 
9.646737 0 
9.666664 0 
9.686022 0 
9.704810 0 
9.723027 0 
9.740672 0 
9.757743 0 
9.774240 0 
9.790162 0 
9.805507 0 
9.820276 0 
9.834466 0 
9.848078 0 
9.861109 0 
9.873561 0 
9.885432 0 
9.896720 0 
9.907426 0 
9.917549 0 
9.927089 0 
9.936044 0 
9.944414 0 
9.952199 0 
9.959398 0 
9.966011 0 
9.972038 0 
9.977478 0 
9.982330 0 
9.986595 0 
9.990272 0 
9.993361 0 
9.995862 0 
9.997775 0 
9.999099 0 
9.999834 0 
9.999982 0 
9.999540 0 
9.998510 0 
9.996892 0 
9.994685 0 
9.991890 0 
9.988507 0 
9.984536 0 
9.979977 0 
9.974831 0 
9.969098 0 
9.962778 0 
9.955872 0 
9.948380 0 
9.940302 0 
9.931639 0 
9.922392 0 
9.912561 0 
9.902146 0 
9.891149 0 
9.879569 0 
9.867408 0 
9.854666 0 
9.841344 0 
9.827443 0 
9.812964 0 
9.797907 0 
9.782273 0 
9.766063 0 
9.749279 0 
9.731921 0 
9.713990 0 
9.695488 0 
9.676415 0 
9.656772 0 
9.636561 0 
9.615783 0 
9.594438 0 
9.572530 0 
9.550057 0 
9.527023 0 
9.503428 0 
9.479273 0 
9.454561 0 
9.429292 0 
9.403469 0 
9.377091 0 
9.350162 0 
9.322683 0 
9.294655 0 
9.266080 0 
9.236959 0 
9.207295 0 
9.177089 0 
9.146343 0 
9.115059 0 
9.083238 0 
9.050882 0 
9.017994 0 
8.984575 0 
8.950627 0 
8.916152 0 
8.881153 0 
8.845631 0 
8.809588 0 
8.773027 0 
8.735949 0 
8.698358 0 
8.660254 0 
8.621641 0 
8.582520 0 
8.542894 0 
8.502765 0 
8.462136 0 
8.421009 0 
8.379386 0 
8.337270 0 
8.294663 0 
8.251568 0 
8.207988 0 
8.163924 0 
8.119380 0 
8.074358 0 
8.028861 0 
7.982891 0 
7.936451 0 
7.889545 0 
7.842174 0 
7.794341 0 
7.746050 0 
7.697302 0 
7.648102 0 
7.598452 0 
7.548354 0 
7.497812 0 
7.446829 0 
7.395407 0 
7.343551 0 
7.291262 0 
7.238543 0 
7.185399 0 
7.131832 0 
7.077846 0 
7.023442 0 
6.968625 0 
6.913399 0 
6.857765 0 
6.801727 0 
6.745290 0 
6.688455 0 
6.631227 0 
6.573608 0 
6.515602 0 
6.457213 0 
6.398444 0 
6.339299 0 
6.279780 0 
6.219891 0 
6.159637 0 
6.099020 0 
6.038044 0 
5.976713 0 
5.915030 0 
5.852998 0 
5.790623 0 
5.727906 0 
5.664853 0 
5.601466 0 
5.537749 0 
5.473706 0 
5.409341 0 
5.344658 0 
5.279661 0 
5.214352 0 
5.148737 0 
5.082818 0 
5.016601 0 
4.950088 0 
4.883284 0 
4.816192 0 
4.748817 0 
4.681163 0 
4.613233 0 
4.545031 0 
4.476562 0 
4.407829 0 
4.338837 0 
4.269590 0 
4.200091 0 
4.130346 0 
4.060357 0 
3.990129 0 
3.919666 0 
3.848973 0 
3.778053 0 
3.706910 0 
3.635550 0 
3.563975 0 
3.492191 0 
3.420201 0 
3.348010 0 
3.275622 0 
3.203041 0 
3.130272 0 
3.057318 0 
2.984185 0 
2.910875 0 
2.837395 0 
2.763747 0 
2.689937 0 
2.615969 0 
2.541846 0 
2.467574 0 
2.393157 0 
2.318598 0 
2.243904 0 
2.169077 0 
2.094123 0 
2.019045 0 
1.943849 0 
1.868538 0 
1.793117 0 
1.717591 0 
1.641963 0 
1.566239 0 
1.490423 0 
1.414519 0 
1.338531 0 
1.262465 0 
1.186325 0 
1.110115 0 
1.033839 0 
0.957503 0 
0.881110 0 
0.804666 0 
0.728174 0 
0.651639 0 
0.575066 0 
0.498459 0 
0.421823 0 
0.345161 0 
0.268480 0 
0.191783 0 
0.115074 0 
0.038359 0 
-0.038359 0 
-0.115074 0 
-0.191783 0 
-0.268480 0 
-0.345161 0 
-0.421823 0 
-0.498459 0 
-0.575066 0 
-0.651639 0 
-0.728174 0 
-0.804666 0 
-0.881110 0 
-0.957503 0 
-1.033839 0 
-1.110115 0 
-1.186325 0 
-1.262465 0 
-1.338531 0 
-1.414519 0 
-1.490423 0 
-1.566239 0 
-1.641963 0 
-1.717591 0 
-1.793117 0 
-1.868538 0 
-1.943849 0 
-2.019045 0 
-2.094123 0 
-2.169077 0 
-2.243904 0 
-2.318598 0 
-2.393157 0 
-2.467574 0 
-2.541846 0 
-2.615969 0 
-2.689937 0 
-2.763747 0 
-2.837395 0 
-2.910875 0 
-2.984185 0 
-3.057318 0 
-3.130272 0 
-3.203041 0 
-3.275622 0 
-3.348010 0 
-3.420201 0 
-3.492191 0 
-3.563975 0 
-3.635550 0 
-3.706910 0 
-3.778053 0 
-3.848973 0 
-3.919666 0 
-3.990129 0 
-4.060357 0 
-4.130346 0 
-4.200091 0 
-4.269590 0 
-4.338837 0 
-4.407829 0 
-4.476562 0 
-4.545031 0 
-4.613233 0 
-4.681163 0 
-4.748817 0 
-4.816192 0 
-4.883284 0 
-4.950088 0 
-5.016601 0 
-5.082818 0 
-5.148737 0 
-5.214352 0 
-5.279661 0 
-5.344658 0 
-5.409341 0 
-5.473706 0 
-5.537749 0 
-5.601466 0 
-5.664853 0 
-5.727906 0 
-5.790623 0 
-5.852998 0 
-5.915030 0 
-5.976713 0 
-6.038044 0 
-6.099020 0 
-6.159637 0 
-6.219891 0 
-6.279780 0 
-6.339299 0 
-6.398444 0 
-6.457213 0 
-6.515602 0 
-6.573608 0 
-6.631227 0 
-6.688455 0 
-6.745290 0 
-6.801727 0 
-6.857765 0 
-6.913399 0 
-6.968625 0 
-7.023442 0 
-7.077846 0 
-7.131832 0 
-7.185399 0 
-7.238543 0 
-7.291262 0 
-7.343551 0 
-7.395407 0 
-7.446829 0 
-7.497812 0 
-7.548354 0 
-7.598452 0 
-7.648102 0 
-7.697302 0 
-7.746050 0 
-7.794341 0 
-7.842174 0 
-7.889545 0 
-7.936451 0 
-7.982891 0 
-8.028861 0 
-8.074358 0 
-8.119380 0 
-8.163924 0 
-8.207988 0 
-8.251568 0 
-8.294663 0 
-8.337270 0 
-8.379386 0 
-8.421009 0 
-8.462136 0 
-8.502765 0 
-8.542894 0 
-8.582520 0 
-8.621641 0 
-8.660254 0 
-8.698358 0 
-8.735949 0 
-8.773027 0 
-8.809588 0 
-8.845631 0 
-8.881153 0 
-8.916152 0 
-8.950627 0 
-8.984575 0 
-9.017994 0 
-9.050882 0 
-9.083238 0 
-9.115059 0 
-9.146343 0 
-9.177089 0 
-9.207295 0 
-9.236959 0 
-9.266080 0 
-9.294655 0 
-9.322683 0 
-9.350162 0 
-9.377091 0 
-9.403469 0 
-9.429292 0 
-9.454561 0 
-9.479273 0 
-9.503428 0 
-9.527023 0 
-9.550057 0 
-9.572530 0 
-9.594438 0 
-9.615783 0 
-9.636561 0 
-9.656772 0 
-9.676415 0 
-9.695488 0 
-9.713990 0 
-9.731921 0 
-9.749279 0 
-9.766063 0 
-9.782273 0 
-9.797907 0 
-9.812964 0 
-9.827443 0 
-9.841344 0 
-9.854666 0 
-9.867408 0 
-9.879569 0 
-9.891149 0 
-9.902146 0 
-9.912561 0 
-9.922392 0 
-9.931639 0 
-9.940302 0 
-9.948380 0 
-9.955872 0 
-9.962778 0 
-9.969098 0 
-9.974831 0 
-9.979977 0 
-9.984536 0 
-9.988507 0 
-9.991890 0 
-9.994685 0 
-9.996892 0 
-9.998510 0 
-9.999540 0 
-9.999982 0 
-9.999834 0 
-9.999099 0 
-9.997775 0 
-9.995862 0 
-9.993361 0 
-9.990272 0 
-9.986595 0 
-9.982330 0 
-9.977478 0 
-9.972038 0 
-9.966011 0 
-9.959398 0 
-9.952199 0 
-9.944414 0 
-9.936044 0 
-9.927089 0 
-9.917549 0 
-9.907426 0 
-9.896720 0 
-9.885432 0 
-9.873561 0 
-9.861109 0 
-9.848078 0 
-9.834466 0 
-9.820276 0 
-9.805507 0 
-9.790162 0 
-9.774240 0 
-9.757743 0 
-9.740672 0 
-9.723027 0 
-9.704810 0 
-9.686022 0 
-9.666664 0 
-9.646737 0 
-9.626242 0 
-9.605181 0 
-9.583554 0 
-9.561364 0 
-9.538610 0 
-9.515295 0 
-9.491420 0 
-9.466987 0 
-9.441996 0 
-9.416450 0 
-9.390349 0 
-9.363696 0 
-9.336491 0 
-9.308737 0 
-9.280436 0 
-9.251588 0 
-9.222195 0 
-9.192260 0 
-9.161783 0 
-9.130768 0 
-9.099215 0 
-9.067126 0 
-9.034504 0 
-9.001350 0 
-8.967667 0 
-8.933455 0 
-8.898718 0 
-8.863457 0 
-8.827674 0 
-8.791372 0 
-8.754553 0 
-8.717218 0 
-8.679370 0 
-8.641011 0 
-8.602144 0 
-8.562770 0 
-8.522892 0 
-8.482513 0 
-8.441635 0 
-8.400259 0 
-8.358389 0 
-8.316028 0 
-8.273177 0 
-8.229839 0 
-8.186016 0 
-8.141712 0 
-8.096929 0 
-8.051669 0 
-8.005935 0 
-7.959730 0 
-7.913056 0 
-7.865917 0 
-7.818315 0 
-7.770252 0 
-7.721733 0 
-7.672759 0 
-7.623333 0 
-7.573458 0 
-7.523138 0 
-7.472375 0 
-7.421173 0 
-7.369533 0 
-7.317460 0 
-7.264956 0 
-7.212024 0 
-7.158668 0 
-7.104891 0 
-7.050696 0 
-6.996085 0 
-6.941063 0 
-6.885632 0 
-6.829796 0 
-6.773558 0 
-6.716922 0 
-6.659890 0 
-6.602466 0 
-6.544653 0 
-6.486456 0 
-6.427876 0 
-6.368918 0 
-6.309586 0 
-6.249882 0 
-6.189810 0 
-6.129374 0 
-6.068577 0 
-6.007423 0 
-5.945915 0 
-5.884057 0 
-5.821853 0 
-5.759307 0 
-5.696421 0 
-5.633201 0 
-5.569648 0 
-5.505768 0 
-5.441564 0 
-5.377039 0 
-5.312198 0 
-5.247045 0 
-5.181582 0 
-5.115815 0 
-5.049747 0 
-4.983381 0 
-4.916722 0 
-4.849774 0 
-4.782540 0 
-4.715025 0 
-4.647232 0 
-4.579165 0 
-4.510830 0 
-4.442228 0 
-4.373366 0 
-4.304245 0 
-4.234872 0 
-4.165249 0 
-4.095381 0 
-4.025272 0 
-3.954927 0 
-3.884348 0 
-3.813541 0 
-3.742509 0 
-3.671257 0 
-3.599789 0 
-3.528109 0 
-3.456222 0 
-3.384131 0 
-3.311841 0 
-3.239356 0 
-3.166680 0 
-3.093818 0 
-3.020774 0 
-2.947552 0 
-2.874156 0 
-2.800592 0 
-2.726862 0 
-2.652972 0 
-2.578926 0 
-2.504728 0 
-2.430383 0 
-2.355895 0 
-2.281268 0 
-2.206507 0 
-2.131616 0 
-2.056599 0 
-1.981461 0 
-1.906207 0 
-1.830841 0 
-1.755367 0 
-1.679789 0 
-1.604113 0 
-1.528342 0 
-1.452481 0 
-1.376535 0 
-1.300508 0 
-1.224404 0 
-1.148228 0 
-1.071985 0 
-0.995678 0 
-0.919313 0 
-0.842894 0 
-0.766425 0 
-0.689911 0 
-0.613357 0 
-0.536766 0 
-0.460144 0 
-0.383495 0 
-0.306823 0 
-0.230133 0 
-0.153430 0 
-0.076717 0 
-0.000000 0 
0.076717 0 
0.153430 0 
0.230133 0 
0.306823 0 
0.383495 0 
0.460144 0 
0.536766 0 
0.613357 0 
0.689911 0 
0.766425 0 
0.842894 0 
0.919313 0 
0.995678 0 
1.071985 0 
1.148228 0 
1.224404 0 
1.300508 0 
1.376535 0 
1.452481 0 
1.528342 0 
1.604113 0 
1.679789 0 
1.755367 0 
1.830841 0 
1.906207 0 
1.981461 0 
2.056599 0 
2.131616 0 
2.206507 0 
2.281268 0 
2.355895 0 
2.430383 0 
2.504728 0 
2.578926 0 
2.652972 0 
2.726862 0 
2.800592 0 
2.874156 0 
2.947552 0 
3.020774 0 
3.093818 0 
3.166680 0 
3.239356 0 
3.311841 0 
3.384131 0 
3.456222 0 
3.528109 0 
3.599789 0 
3.671257 0 
3.742509 0 
3.813541 0 
3.884348 0 
3.954927 0 
4.025272 0 
4.095381 0 
4.165249 0 
4.234872 0 
4.304245 0 
4.373366 0 
4.442228 0 
4.510830 0 
4.579165 0 
4.647232 0 
4.715025 0 
4.782540 0 
4.849774 0 
4.916722 0 
4.983381 0 
5.049747 0 
5.115815 0 
5.181582 0 
5.247045 0 
5.312198 0 
5.377039 0 
5.441564 0 
5.505768 0 
5.569648 0 
5.633201 0 
5.696421 0 
5.759307 0 
5.821853 0 
5.884057 0 
5.945915 0 
6.007423 0 
6.068577 0 
6.129374 0 
6.189810 0 
6.249882 0 
6.309586 0 
6.368918 0 
6.427876 0 
6.486456 0 
6.544653 0 
6.602466 0 
6.659890 0 
6.716922 0 
6.773558 0 
6.829796 0 
6.885632 0 
6.941063 0 
6.996085 0 
7.050696 0 
7.104891 0 
7.158668 0 
7.212024 0 
7.264956 0 
7.317460 0 
7.369533 0 
7.421173 0 
7.472375 0 
7.523138 0 
7.573458 0 
7.623333 0 
7.672759 0 
7.721733 0 
7.770252 0 
7.818315 0 
7.865917 0 
7.913056 0 
7.959730 0 
8.005935 0 
8.051669 0 
8.096929 0 
8.141712 0 
8.186016 0 
8.229839 0 
8.273177 0 
8.316028 0 
8.358389 0 
8.400259 0 
8.441635 0 
8.482513 0 
8.522892 0 
8.562770 0 
8.602144 0 
8.641011 0 
8.679370 0 
8.717218 0 
8.754553 0 
8.791372 0 
8.827674 0 
8.863457 0 
8.898718 0 
8.933455 0 
8.967667 0 
9.001350 0 
9.034504 0 
9.067126 0 
9.099215 0 
9.130768 0 
9.161783 0 
9.192260 0 
9.222195 0 
9.251588 0 
9.280436 0 
9.308737 0 
9.336491 0 
9.363696 0 
9.390349 0 
9.416450 0 
9.441996 0 
9.466987 0 
9.491420 0 
9.515295 0 
9.538610 0 
9.561364 0 
9.583554 0 
9.605181 0 
9.626242 0 
9.646737 0 
9.666664 0 
9.686022 0 
9.704810 0 
9.723027 0 
9.740672 0 
9.757743 0 
9.774240 0 
9.790162 0 
9.805507 0 
9.820276 0 
9.834466 0 
9.848078 0 
9.861109 0 
9.873561 0 
9.885432 0 
9.896720 0 
9.907426 0 
9.917549 0 
9.927089 0 
9.936044 0 
9.944414 0 
9.952199 0 
9.959398 0 
9.966011 0 
9.972038 0 
9.977478 0 
9.982330 0 
9.986595 0 
9.990272 0 
9.993361 0 
9.995862 0 
9.997775 0 
9.999099 0 
9.999834 0 
9.999982 0 
9.999540 0 
9.998510 0 
9.996892 0 
9.994685 0 
9.991890 0 
9.988507 0 
9.984536 0 
9.979977 0 
9.974831 0 
9.969098 0 
9.962778 0 
9.955872 0 
9.948380 0 
9.940302 0 
9.931639 0 
9.922392 0 
9.912561 0 
9.902146 0 
9.891149 0 
9.879569 0 
9.867408 0 
9.854666 0 
9.841344 0 
9.827443 0 
9.812964 0 
9.797907 0 
9.782273 0 
9.766063 0 
9.749279 0 
9.731921 0 
9.713990 0 
9.695488 0 
9.676415 0 
9.656772 0 
9.636561 0 
9.615783 0 
9.594438 0 
9.572530 0 
9.550057 0 
9.527023 0 
9.503428 0 
9.479273 0 
9.454561 0 
9.429292 0 
9.403469 0 
9.377091 0 
9.350162 0 
9.322683 0 
9.294655 0 
9.266080 0 
9.236959 0 
9.207295 0 
9.177089 0 
9.146343 0 
9.115059 0 
9.083238 0 
9.050882 0 
9.017994 0 
8.984575 0 
8.950627 0 
8.916152 0 
8.881153 0 
8.845631 0 
8.809588 0 
8.773027 0 
8.735949 0 
8.698358 0 
8.660254 0 
8.621641 0 
8.582520 0 
8.542894 0 
8.502765 0 
8.462136 0 
8.421009 0 
8.379386 0 
8.337270 0 
8.294663 0 
8.251568 0 
8.207988 0 
8.163924 0 
8.119380 0 
8.074358 0 
8.028861 0 
7.982891 0 
7.936451 0 
7.889545 0 
7.842174 0 
7.794341 0 
7.746050 0 
7.697302 0 
7.648102 0 
7.598452 0 
7.548354 0 
7.497812 0 
7.446829 0 
7.395407 0 
7.343551 0 
7.291262 0 
7.238543 0 
7.185399 0 
7.131832 0 
7.077846 0 
7.023442 0 
6.968625 0 
6.913399 0 
6.857765 0 
6.801727 0 
6.745290 0 
6.688455 0 
6.631227 0 
6.573608 0 
6.515602 0 
6.457213 0 
6.398444 0 
6.339299 0 
6.279780 0 
6.219891 0 
6.159637 0 
6.099020 0 
6.038044 0 
5.976713 0 
5.915030 0 
5.852998 0 
5.790623 0 
5.727906 0 
5.664853 0 
5.601466 0 
5.537749 0 
5.473706 0 
5.409341 0 
5.344658 0 
5.279661 0 
5.214352 0 
5.148737 0 
5.082818 0 
5.016601 0 
4.950088 0 
4.883284 0 
4.816192 0 
4.748817 0 
4.681163 0 
4.613233 0 
4.545031 0 
4.476562 0 
4.407829 0 
4.338837 0 
4.269590 0 
4.200091 0 
4.130346 0 
4.060357 0 
3.990129 0 
3.919666 0 
3.848973 0 
3.778053 0 
3.706910 0 
3.635550 0 
3.563975 0 
3.492191 0 
3.420201 0 
3.348010 0 
3.275622 0 
3.203041 0 
3.130272 0 
3.057318 0 
2.984185 0 
2.910875 0 
2.837395 0 
2.763747 0 
2.689937 0 
2.615969 0 
2.541846 0 
2.467574 0 
2.393157 0 
2.318598 0 
2.243904 0 
2.169077 0 
2.094123 0 
2.019045 0 
1.943849 0 
1.868538 0 
1.793117 0 
1.717591 0 
1.641963 0 
1.566239 0 
1.490423 0 
1.414519 0 
1.338531 0 
1.262465 0 
1.186325 0 
1.110115 0 
1.033839 0 
0.957503 0 
0.881110 0 
0.804666 0 
0.728174 0 
0.651639 0 
0.575066 0 
0.498459 0 
0.421823 0 
0.345161 0 
0.268480 0 
0.191783 0 
0.115074 0 
0.038359 0 
-0.038359 0 
-0.115074 0 
-0.191783 0 
-0.268480 0 
-0.345161 0 
-0.421823 0 
-0.498459 0 
-0.575066 0 
-0.651639 0 
-0.728174 0 
-0.804666 0 
-0.881110 0 
-0.957503 0 
-1.033839 0 
-1.110115 0 
-1.186325 0 
-1.262465 0 
-1.338531 0 
-1.414519 0 
-1.490423 0 
-1.566239 0 
-1.641963 0 
-1.717591 0 
-1.793117 0 
-1.868538 0 
-1.943849 0 
-2.019045 0 
-2.094123 0 
-2.169077 0 
-2.243904 0 
-2.318598 0 
-2.393157 0 
-2.467574 0 
-2.541846 0 
-2.615969 0 
-2.689937 0 
-2.763747 0 
-2.837395 0 
-2.910875 0 
-2.984185 0 
-3.057318 0 
-3.130272 0 
-3.203041 0 
-3.275622 0 
-3.348010 0 
-3.420201 0 
-3.492191 0 
-3.563975 0 
-3.635550 0 
-3.706910 0 
-3.778053 0 
-3.848973 0 
-3.919666 0 
-3.990129 0 
-4.060357 0 
-4.130346 0 
-4.200091 0 
-4.269590 0 
-4.338837 0 
-4.407829 0 
-4.476562 0 
-4.545031 0 
-4.613233 0 
-4.681163 0 
-4.748817 0 
-4.816192 0 
-4.883284 0 
-4.950088 0 
-5.016601 0 
-5.082818 0 
-5.148737 0 
-5.214352 0 
-5.279661 0 
-5.344658 0 
-5.409341 0 
-5.473706 0 
-5.537749 0 
-5.601466 0 
-5.664853 0 
-5.727906 0 
-5.790623 0 
-5.852998 0 
-5.915030 0 
-5.976713 0 
-6.038044 0 
-6.099020 0 
-6.159637 0 
-6.219891 0 
-6.279780 0 
-6.339299 0 
-6.398444 0 
-6.457213 0 
-6.515602 0 
-6.573608 0 
-6.631227 0 
-6.688455 0 
-6.745290 0 
-6.801727 0 
-6.857765 0 
-6.913399 0 
-6.968625 0 
-7.023442 0 
-7.077846 0 
-7.131832 0 
-7.185399 0 
-7.238543 0 
-7.291262 0 
-7.343551 0 
-7.395407 0 
-7.446829 0 
-7.497812 0 
-7.548354 0 
-7.598452 0 
-7.648102 0 
-7.697302 0 
-7.746050 0 
-7.794341 0 
-7.842174 0 
-7.889545 0 
-7.936451 0 
-7.982891 0 
-8.028861 0 
-8.074358 0 
-8.119380 0 
-8.163924 0 
-8.207988 0 
-8.251568 0 
-8.294663 0 
-8.337270 0 
-8.379386 0 
-8.421009 0 
-8.462136 0 
-8.502765 0 
-8.542894 0 
-8.582520 0 
-8.621641 0 
-8.660254 0 
-8.698358 0 
-8.735949 0 
-8.773027 0 
-8.809588 0 
-8.845631 0 
-8.881153 0 
-8.916152 0 
-8.950627 0 
-8.984575 0 
-9.017994 0 
-9.050882 0 
-9.083238 0 
-9.115059 0 
-9.146343 0 
-9.177089 0 
-9.207295 0 
-9.236959 0 
-9.266080 0 
-9.294655 0 
-9.322683 0 
-9.350162 0 
-9.377091 0 
-9.403469 0 
-9.429292 0 
-9.454561 0 
-9.479273 0 
-9.503428 0 
-9.527023 0 
-9.550057 0 
-9.572530 0 
-9.594438 0 
-9.615783 0 
-9.636561 0 
-9.656772 0 
-9.676415 0 
-9.695488 0 
-9.713990 0 
-9.731921 0 
-9.749279 0 
-9.766063 0 
-9.782273 0 
-9.797907 0 
-9.812964 0 
-9.827443 0 
-9.841344 0 
-9.854666 0 
-9.867408 0 
-9.879569 0 
-9.891149 0 
-9.902146 0 
-9.912561 0 
-9.922392 0 
-9.931639 0 
-9.940302 0 
-9.948380 0 
-9.955872 0 
-9.962778 0 
-9.969098 0 
-9.974831 0 
-9.979977 0 
-9.984536 0 
-9.988507 0 
-9.991890 0 
-9.994685 0 
-9.996892 0 
-9.998510 0 
-9.999540 0 
-9.999982 0 
-9.999834 0 
-9.999099 0 
-9.997775 0 
-9.995862 0 
-9.993361 0 
-9.990272 0 
-9.986595 0 
-9.982330 0 
-9.977478 0 
-9.972038 0 
-9.966011 0 
-9.959398 0 
-9.952199 0 
-9.944414 0 
-9.936044 0 
-9.927089 0 
-9.917549 0 
-9.907426 0 
-9.896720 0 
-9.885432 0 
-9.873561 0 
-9.861109 0 
-9.848078 0 
-9.834466 0 
-9.820276 0 
-9.805507 0 
-9.790162 0 
-9.774240 0 
-9.757743 0 
-9.740672 0 
-9.723027 0 
-9.704810 0 
-9.686022 0 
-9.666664 0 
-9.646737 0 
-9.626242 0 
-9.605181 0 
-9.583554 0 
-9.561364 0 
-9.538610 0 
-9.515295 0 
-9.491420 0 
-9.466987 0 
-9.441996 0 
-9.416450 0 
-9.390349 0 
-9.363696 0 
-9.336491 0 
-9.308737 0 
-9.280436 0 
-9.251588 0 
-9.222195 0 
-9.192260 0 
-9.161783 0 
-9.130768 0 
-9.099215 0 
-9.067126 0 
-9.034504 0 
-9.001350 0 
-8.967667 0 
-8.933455 0 
-8.898718 0 
-8.863457 0 
-8.827674 0 
-8.791372 0 
-8.754553 0 
-8.717218 0 
-8.679370 0 
-8.641011 0 
-8.602144 0 
-8.562770 0 
-8.522892 0 
-8.482513 0 
-8.441635 0 
-8.400259 0 
-8.358389 0 
-8.316028 0 
-8.273177 0 
-8.229839 0 
-8.186016 0 
-8.141712 0 
-8.096929 0 
-8.051669 0 
-8.005935 0 
-7.959730 0 
-7.913056 0 
-7.865917 0 
-7.818315 0 
-7.770252 0 
-7.721733 0 
-7.672759 0 
-7.623333 0 
-7.573458 0 
-7.523138 0 
-7.472375 0 
-7.421173 0 
-7.369533 0 
-7.317460 0 
-7.264956 0 
-7.212024 0 
-7.158668 0 
-7.104891 0 
-7.050696 0 
-6.996085 0 
-6.941063 0 
-6.885632 0 
-6.829796 0 
-6.773558 0 
-6.716922 0 
-6.659890 0 
-6.602466 0 
-6.544653 0 
-6.486456 0 
-6.427876 0 
-6.368918 0 
-6.309586 0 
-6.249882 0 
-6.189810 0 
-6.129374 0 
-6.068577 0 
-6.007423 0 
-5.945915 0 
-5.884057 0 
-5.821853 0 
-5.759307 0 
-5.696421 0 
-5.633201 0 
-5.569648 0 
-5.505768 0 
-5.441564 0 
-5.377039 0 
-5.312198 0 
-5.247045 0 
-5.181582 0 
-5.115815 0 
-5.049747 0 
-4.983381 0 
-4.916722 0 
-4.849774 0 
-4.782540 0 
-4.715025 0 
-4.647232 0 
-4.579165 0 
-4.510830 0 
-4.442228 0 
-4.373366 0 
-4.304245 0 
-4.234872 0 
-4.165249 0 
-4.095381 0 
-4.025272 0 
-3.954927 0 
-3.884348 0 
-3.813541 0 
-3.742509 0 
-3.671257 0 
-3.599789 0 
-3.528109 0 
-3.456222 0 
-3.384131 0 
-3.311841 0 
-3.239356 0 
-3.166680 0 
-3.093818 0 
-3.020774 0 
-2.947552 0 
-2.874156 0 
-2.800592 0 
-2.726862 0 
-2.652972 0 
-2.578926 0 
-2.504728 0 
-2.430383 0 
-2.355895 0 
-2.281268 0 
-2.206507 0 
-2.131616 0 
-2.056599 0 
-1.981461 0 
-1.906207 0 
-1.830841 0 
-1.755367 0 
-1.679789 0 
-1.604113 0 
-1.528342 0 
-1.452481 0 
-1.376535 0 
-1.300508 0 
-1.224404 0 
-1.148228 0 
-1.071985 0 
-0.995678 0 
-0.919313 0 
-0.842894 0 
-0.766425 0 
-0.689911 0 
-0.613357 0 
-0.536766 0 
-0.460144 0 
-0.383495 0 
-0.306823 0 
-0.230133 0 
-0.153430 0 
-0.076717 0 
-0.000000 0 
0.076717 0 
0.153430 0 
0.230133 0 
0.306823 0 
0.383495 0 
0.460144 0 
0.536766 0 
0.613357 0 
0.689911 0 
0.766425 0 
0.842894 0 
0.919313 0 
0.995678 0 
1.071985 0 
1.148228 0 
1.224404 0 
1.300508 0 
1.376535 0 
1.452481 0 
1.528342 0 
1.604113 0 
1.679789 0 
1.755367 0 
1.830841 0 
1.906207 0 
1.981461 0 
2.056599 0 
2.131616 0 
2.206507 0 
2.281268 0 
2.355895 0 
2.430383 0 
2.504728 0 
2.578926 0 
2.652972 0 
2.726862 0 
2.800592 0 
2.874156 0 
2.947552 0 
3.020774 0 
3.093818 0 
3.166680 0 
3.239356 0 
3.311841 0 
3.384131 0 
3.456222 0 
3.528109 0 
3.599789 0 
3.671257 0 
3.742509 0 
3.813541 0 
3.884348 0 
3.954927 0 
4.025272 0 
4.095381 0 
4.165249 0 
4.234872 0 
4.304245 0 
4.373366 0 
4.442228 0 
4.510830 0 
4.579165 0 
4.647232 0 
4.715025 0 
4.782540 0 
4.849774 0 
4.916722 0 
4.983381 0 
5.049747 0 
5.115815 0 
5.181582 0 
5.247045 0 
5.312198 0 
5.377039 0 
5.441564 0 
5.505768 0 
5.569648 0 
5.633201 0 
5.696421 0 
5.759307 0 
5.821853 0 
5.884057 0 
5.945915 0 
6.007423 0 
6.068577 0 
6.129374 0 
6.189810 0 
6.249882 0 
6.309586 0 
6.368918 0 
6.427876 0 
6.486456 0 
6.544653 0 
6.602466 0 
6.659890 0 
6.716922 0 
6.773558 0 
6.829796 0 
6.885632 0 
6.941063 0 
6.996085 0 
7.050696 0 
7.104891 0 
7.158668 0 
7.212024 0 
7.264956 0 
7.317460 0 
7.369533 0 
7.421173 0 
7.472375 0 
7.523138 0 
7.573458 0 
7.623333 0 
7.672759 0 
7.721733 0 
7.770252 0 
7.818315 0 
7.865917 0 
7.913056 0 
7.959730 0 
8.005935 0 
8.051669 0 
8.096929 0 
8.141712 0 
8.186016 0 
8.229839 0 
8.273177 0 
8.316028 0 
8.358389 0 
8.400259 0 
8.441635 0 
8.482513 0 
8.522892 0 
8.562770 0 
8.602144 0 
8.641011 0 
8.679370 0 
8.717218 0 
8.754553 0 
8.791372 0 
8.827674 0 
8.863457 0 
8.898718 0 
8.933455 0 
8.967667 0 
9.001350 0 
9.034504 0 
9.067126 0 
9.099215 0 
9.130768 0 
9.161783 0 
9.192260 0 
9.222195 0 
9.251588 0 
9.280436 0 
9.308737 0 
9.336491 0 
9.363696 0 
9.390349 0 
9.416450 0 
9.441996 0 
9.466987 0 
9.491420 0 
9.515295 0 
9.538610 0 
9.561364 0 
9.583554 0 
9.605181 0 
9.626242 0 
9.646737 0 
9.666664 0 
9.686022 0 
9.704810 0 
9.723027 0 
9.740672 0 
9.757743 0 
9.774240 0 
9.790162 0 
9.805507 0 
9.820276 0 
9.834466 0 
9.848078 0 
9.861109 0 
9.873561 0 
9.885432 0 
9.896720 0 
9.907426 0 
9.917549 0 
9.927089 0 
9.936044 0 
9.944414 0 
9.952199 0 
9.959398 0 
9.966011 0 
9.972038 0 
9.977478 0 
9.982330 0 
9.986595 0 
9.990272 0 
9.993361 0 
9.995862 0 
9.997775 0 
9.999099 0 
9.999834 0 
9.999982 0 
9.999540 0 
9.998510 0 
9.996892 0 
9.994685 0 
9.991890 0 
9.988507 0 
9.984536 0 
9.979977 0 
9.974831 0 
9.969098 0 
9.962778 0 
9.955872 0 
9.948380 0 
9.940302 0 
9.931639 0 
9.922392 0 
9.912561 0 
9.902146 0 
9.891149 0 
9.879569 0 
9.867408 0 
9.854666 0 
9.841344 0 
9.827443 0 
9.812964 0 
9.797907 0 
9.782273 0 
9.766063 0 
9.749279 0 
9.731921 0 
9.713990 0 
9.695488 0 
9.676415 0 
9.656772 0 
9.636561 0 
9.615783 0 
9.594438 0 
9.572530 0 
9.550057 0 
9.527023 0 
9.503428 0 
9.479273 0 
9.454561 0 
9.429292 0 
9.403469 0 
9.377091 0 
9.350162 0 
9.322683 0 
9.294655 0 
9.266080 0 
9.236959 0 
9.207295 0 
9.177089 0 
9.146343 0 
9.115059 0 
9.083238 0 
9.050882 0 
9.017994 0 
8.984575 0 
8.950627 0 
8.916152 0 
8.881153 0 
8.845631 0 
8.809588 0 
8.773027 0 
8.735949 0 
8.698358 0 
8.660254 0 
8.621641 0 
8.582520 0 
8.542894 0 
8.502765 0 
8.462136 0 
8.421009 0 
8.379386 0 
8.337270 0 
8.294663 0 
8.251568 0 
8.207988 0 
8.163924 0 
8.119380 0 
8.074358 0 
8.028861 0 
7.982891 0 
7.936451 0 
7.889545 0 
7.842174 0 
7.794341 0 
7.746050 0 
7.697302 0 
7.648102 0 
7.598452 0 
7.548354 0 
7.497812 0 
7.446829 0 
7.395407 0 
7.343551 0 
7.291262 0 
7.238543 0 
7.185399 0 
7.131832 0 
7.077846 0 
7.023442 0 
6.968625 0 
6.913399 0 
6.857765 0 
6.801727 0 
6.745290 0 
6.688455 0 
6.631227 0 
6.573608 0 
6.515602 0 
6.457213 0 
6.398444 0 
6.339299 0 
6.279780 0 
6.219891 0 
6.159637 0 
6.099020 0 
6.038044 0 
5.976713 0 
5.915030 0 
5.852998 0 
5.790623 0 
5.727906 0 
5.664853 0 
5.601466 0 
5.537749 0 
5.473706 0 
5.409341 0 
5.344658 0 
5.279661 0 
5.214352 0 
5.148737 0 
5.082818 0 
5.016601 0 
4.950088 0 
4.883284 0 
4.816192 0 
4.748817 0 
4.681163 0 
4.613233 0 
4.545031 0 
4.476562 0 
4.407829 0 
4.338837 0 
4.269590 0 
4.200091 0 
4.130346 0 
4.060357 0 
3.990129 0 
3.919666 0 
3.848973 0 
3.778053 0 
3.706910 0 
3.635550 0 
3.563975 0 
3.492191 0 
3.420201 0 
3.348010 0 
3.275622 0 
3.203041 0 
3.130272 0 
3.057318 0 
2.984185 0 
2.910875 0 
2.837395 0 
2.763747 0 
2.689937 0 
2.615969 0 
2.541846 0 
2.467574 0 
2.393157 0 
2.318598 0 
2.243904 0 
2.169077 0 
2.094123 0 
2.019045 0 
1.943849 0 
1.868538 0 
1.793117 0 
1.717591 0 
1.641963 0 
1.566239 0 
1.490423 0 
1.414519 0 
1.338531 0 
1.262465 0 
1.186325 0 
1.110115 0 
1.033839 0 
0.957503 0 
0.881110 0 
0.804666 0 
0.728174 0 
0.651639 0 
0.575066 0 
0.498459 0 
0.421823 0 
0.345161 0 
0.268480 0 
0.191783 0 
0.115074 0 
0.038359 0 
-0.038359 0 
-0.115074 0 
-0.191783 0 
-0.268480 0 
-0.345161 0 
-0.421823 0 
-0.498459 0 
-0.575066 0 
-0.651639 0 
-0.728174 0 
-0.804666 0 
-0.881110 0 
-0.957503 0 
-1.033839 0 
-1.110115 0 
-1.186325 0 
-1.262465 0 
-1.338531 0 
-1.414519 0 
-1.490423 0 
-1.566239 0 
-1.641963 0 
-1.717591 0 
-1.793117 0 
-1.868538 0 
-1.943849 0 
-2.019045 0 
-2.094123 0 
-2.169077 0 
-2.243904 0 
-2.318598 0 
-2.393157 0 
-2.467574 0 
-2.541846 0 
-2.615969 0 
-2.689937 0 
-2.763747 0 
-2.837395 0 
-2.910875 0 
-2.984185 0 
-3.057318 0 
-3.130272 0 
-3.203041 0 
-3.275622 0 
-3.348010 0 
-3.420201 0 
-3.492191 0 
-3.563975 0 
-3.635550 0 
-3.706910 0 
-3.778053 0 
-3.848973 0 
-3.919666 0 
-3.990129 0 
-4.060357 0 
-4.130346 0 
-4.200091 0 
-4.269590 0 
-4.338837 0 
-4.407829 0 
-4.476562 0 
-4.545031 0 
-4.613233 0 
-4.681163 0 
-4.748817 0 
-4.816192 0 
-4.883284 0 
-4.950088 0 
-5.016601 0 
-5.082818 0 
-5.148737 0 
-5.214352 0 
-5.279661 0 
-5.344658 0 
-5.409341 0 
-5.473706 0 
-5.537749 0 
-5.601466 0 
-5.664853 0 
-5.727906 0 
-5.790623 0 
-5.852998 0 
-5.915030 0 
-5.976713 0 
-6.038044 0 
-6.099020 0 
-6.159637 0 
-6.219891 0 
-6.279780 0 
-6.339299 0 
-6.398444 0 
-6.457213 0 
-6.515602 0 
-6.573608 0 
-6.631227 0 
-6.688455 0 
-6.745290 0 
-6.801727 0 
-6.857765 0 
-6.913399 0 
-6.968625 0 
-7.023442 0 
-7.077846 0 
-7.131832 0 
-7.185399 0 
-7.238543 0 
-7.291262 0 
-7.343551 0 
-7.395407 0 
-7.446829 0 
-7.497812 0 
-7.548354 0 
-7.598452 0 
-7.648102 0 
-7.697302 0 
-7.746050 0 
-7.794341 0 
-7.842174 0 
-7.889545 0 
-7.936451 0 
-7.982891 0 
-8.028861 0 
-8.074358 0 
-8.119380 0 
-8.163924 0 
-8.207988 0 
-8.251568 0 
-8.294663 0 
-8.337270 0 
-8.379386 0 
-8.421009 0 
-8.462136 0 
-8.502765 0 
-8.542894 0 
-8.582520 0 
-8.621641 0 
-8.660254 0 
-8.698358 0 
-8.735949 0 
-8.773027 0 
-8.809588 0 
-8.845631 0 
-8.881153 0 
-8.916152 0 
-8.950627 0 
-8.984575 0 
-9.017994 0 
-9.050882 0 
-9.083238 0 
-9.115059 0 
-9.146343 0 
-9.177089 0 
-9.207295 0 
-9.236959 0 
-9.266080 0 
-9.294655 0 
-9.322683 0 
-9.350162 0 
-9.377091 0 
-9.403469 0 
-9.429292 0 
-9.454561 0 
-9.479273 0 
-9.503428 0 
-9.527023 0 
-9.550057 0 
-9.572530 0 
-9.594438 0 
-9.615783 0 
-9.636561 0 
-9.656772 0 
-9.676415 0 
-9.695488 0 
-9.713990 0 
-9.731921 0 
-9.749279 0 
-9.766063 0 
-9.782273 0 
-9.797907 0 
-9.812964 0 
-9.827443 0 
-9.841344 0 
-9.854666 0 
-9.867408 0 
-9.879569 0 
-9.891149 0 
-9.902146 0 
-9.912561 0 
-9.922392 0 
-9.931639 0 
-9.940302 0 
-9.948380 0 
-9.955872 0 
-9.962778 0 
-9.969098 0 
-9.974831 0 
-9.979977 0 
-9.984536 0 
-9.988507 0 
-9.991890 0 
-9.994685 0 
-9.996892 0 
-9.998510 0 
-9.999540 0 
-9.999982 0 
-9.999834 0 
-9.999099 0 
-9.997775 0 
-9.995862 0 
-9.993361 0 
-9.990272 0 
-9.986595 0 
-9.982330 0 
-9.977478 0 
-9.972038 0 
-9.966011 0 
-9.959398 0 
-9.952199 0 
-9.944414 0 
-9.936044 0 
-9.927089 0 
-9.917549 0 
-9.907426 0 
-9.896720 0 
-9.885432 0 
-9.873561 0 
-9.861109 0 
-9.848078 0 
-9.834466 0 
-9.820276 0 
-9.805507 0 
-9.790162 0 
-9.774240 0 
-9.757743 0 
-9.740672 0 
-9.723027 0 
-9.704810 0 
-9.686022 0 
-9.666664 0 
-9.646737 0 
-9.626242 0 
-9.605181 0 
-9.583554 0 
-9.561364 0 
-9.538610 0 
-9.515295 0 
-9.491420 0 
-9.466987 0 
-9.441996 0 
-9.416450 0 
-9.390349 0 
-9.363696 0 
-9.336491 0 
-9.308737 0 
-9.280436 0 
-9.251588 0 
-9.222195 0 
-9.192260 0 
-9.161783 0 
-9.130768 0 
-9.099215 0 
-9.067126 0 
-9.034504 0 
-9.001350 0 
-8.967667 0 
-8.933455 0 
-8.898718 0 
-8.863457 0 
-8.827674 0 
-8.791372 0 
-8.754553 0 
-8.717218 0 
-8.679370 0 
-8.641011 0 
-8.602144 0 
-8.562770 0 
-8.522892 0 
-8.482513 0 
-8.441635 0 
-8.400259 0 
-8.358389 0 
-8.316028 0 
-8.273177 0 
-8.229839 0 
-8.186016 0 
-8.141712 0 
-8.096929 0 
-8.051669 0 
-8.005935 0 
-7.959730 0 
-7.913056 0 
-7.865917 0 
-7.818315 0 
-7.770252 0 
-7.721733 0 
-7.672759 0 
-7.623333 0 
-7.573458 0 
-7.523138 0 
-7.472375 0 
-7.421173 0 
-7.369533 0 
-7.317460 0 
-7.264956 0 
-7.212024 0 
-7.158668 0 
-7.104891 0 
-7.050696 0 
-6.996085 0 
-6.941063 0 
-6.885632 0 
-6.829796 0 
-6.773558 0 
-6.716922 0 
-6.659890 0 
-6.602466 0 
-6.544653 0 
-6.486456 0 
-6.427876 0 
-6.368918 0 
-6.309586 0 
-6.249882 0 
-6.189810 0 
-6.129374 0 
-6.068577 0 
-6.007423 0 
-5.945915 0 
-5.884057 0 
-5.821853 0 
-5.759307 0 
-5.696421 0 
-5.633201 0 
-5.569648 0 
-5.505768 0 
-5.441564 0 
-5.377039 0 
-5.312198 0 
-5.247045 0 
-5.181582 0 
-5.115815 0 
-5.049747 0 
-4.983381 0 
-4.916722 0 
-4.849774 0 
-4.782540 0 
-4.715025 0 
-4.647232 0 
-4.579165 0 
-4.510830 0 
-4.442228 0 
-4.373366 0 
-4.304245 0 
-4.234872 0 
-4.165249 0 
-4.095381 0 
-4.025272 0 
-3.954927 0 
-3.884348 0 
-3.813541 0 
-3.742509 0 
-3.671257 0 
-3.599789 0 
-3.528109 0 
-3.456222 0 
-3.384131 0 
-3.311841 0 
-3.239356 0 
-3.166680 0 
-3.093818 0 
-3.020774 0 
-2.947552 0 
-2.874156 0 
-2.800592 0 
-2.726862 0 
-2.652972 0 
-2.578926 0 
-2.504728 0 
-2.430383 0 
-2.355895 0 
-2.281268 0 
-2.206507 0 
-2.131616 0 
-2.056599 0 
-1.981461 0 
-1.906207 0 
-1.830841 0 
-1.755367 0 
-1.679789 0 
-1.604113 0 
-1.528342 0 
-1.452481 0 
-1.376535 0 
-1.300508 0 
-1.224404 0 
-1.148228 0 
-1.071985 0 
-0.995678 0 
-0.919313 0 
-0.842894 0 
-0.766425 0 
-0.689911 0 
-0.613357 0 
-0.536766 0 
-0.460144 0 
-0.383495 0 
-0.306823 0 
-0.230133 0 
-0.153430 0 
-0.076717 0 
-0.000000 0 