10.000000 0 
9.047530 0 
6.513068 0 
3.235595 0 
0.237290 0 
-1.668048 0 
-2.159496 0 
-1.473500 0 
-0.236660 0 
0.843185 0 
1.281902 0 
0.987951 0 
0.235612 0 
-0.522831 0 
-0.900929 0 
-0.757514 0 
-0.234150 0 
0.351109 0 
0.685557 0 
0.620928 0 
0.232278 0 
-0.243295 0 
-0.545523 0 
-0.529127 0 
-0.230003 0 
0.168897 0 
0.446127 0 
0.462133 0 
0.227331 0 
-0.114250 0 
-0.371183 0 
-0.410291 0 
-0.224270 0 
0.072317 0 
0.312134 0 
0.368369 0 
0.220832 0 
-0.039108 0 
-0.264033 0 
-0.333291 0 
-0.217026 0 
0.012192 0 
0.223827 0 
0.303134 0 
0.212864 0 
0.009998 0 
-0.189527 0 
-0.276638 0 
-0.208360 0 
-0.028517 0 
0.159790 0 
0.252944 0 
0.203528 0 
0.044100 0 
-0.133673 0 
-0.231452 0 
-0.198382 0 
-0.057278 0 
0.110497 0 
0.211728 0 
0.192940 0 
0.068444 0 
-0.089763 0 
-0.193456 0 
-0.187217 0 
-0.077895 0 
0.071095 0 
0.176400 0 
0.181233 0 
0.085860 0 
-0.054204 0 
-0.160382 0 
-0.175004 0 
-0.092522 0 
0.038867 0 
0.145266 0 
0.168551 0 
0.098025 0 
-0.024907 0 
-0.130949 0 
-0.161893 0 
-0.102491 0 
0.012183 0 
0.117350 0 
0.155050 0 
0.106017 0 
-0.000581 0 
-0.104408 0 
-0.148044 0 
-0.108689 0 
-0.009992 0 
0.092073 0 
0.140895 0 
0.110579 0 
0.019615 0 
-0.080308 0 
-0.133625 0 
-0.111750 0 
-0.028352 0 
0.069085 0 
0.126255 0 
0.112259 0 
0.036260 0 
-0.058381 0 
-0.118808 0 
-0.112155 0 
-0.043385 0 
0.048179 0 
0.111305 0 
0.111486 0 
0.049770 0 
-0.038466 0 
-0.103768 0 
-0.110292 0 
-0.055452 0 
0.029231 0 
0.096219 0 
0.108615 0 
0.060465 0 
-0.020467 0 
-0.088679 0 
-0.106491 0 
-0.064838 0 
0.012168 0 
0.081170 0 
0.103956 0 
0.068601 0 
-0.004329 0 
-0.073713 0 
-0.101043 0 
-0.071778 0 
-0.003053 0 
0.066329 0 
0.097785 0 
0.074397 0 
0.009982 0 
-0.059036 0 
-0.094213 0 
-0.076480 0 
-0.016461 0 
0.051857 0 
0.090358 0 
0.078051 0 
0.022493 0 
-0.044808 0 
-0.086249 0 
-0.079132 0 
-0.028080 0 
0.037909 0 
0.081915 0 
0.079748 0 
0.033226 0 
-0.031177 0 
-0.077384 0 
-0.079918 0 
-0.037934 0 
0.024629 0 
0.072684 0 
0.079667 0 
0.042209 0 
-0.018281 0 
-0.067841 0 
-0.079016 0 
-0.046056 0 
0.012147 0 
0.062881 0 
0.077986 0 
0.049480 0 
-0.006243 0 
-0.057830 0 
-0.076601 0 
-0.052487 0 
0.000581 0 
0.052712 0 
0.074882 0 
0.055084 0 
0.004826 0 
-0.047553 0 
-0.072851 0 
-0.057280 0 
-0.009968 0 
0.042374 0 
0.070532 0 
0.059082 0 
0.014835 0 
-0.037200 0 
-0.067946 0 
-0.060499 0 
-0.019418 0 
0.032051 0 
0.065115 0 
0.061543 0 
0.023708 0 
-0.026948 0 
-0.062063 0 
-0.062224 0 
-0.027701 0 
0.021913 0 
0.058811 0 
0.062554 0 
0.031389 0 
-0.016964 0 
-0.055382 0 
-0.062546 0 
-0.034769 0 
0.012120 0 
0.051798 0 
0.062212 0 
0.037839 0 
-0.007399 0 
-0.048080 0 
-0.061566 0 
-0.040595 0 
0.002816 0 
0.044251 0 
0.060624 0 
0.043038 0 
0.001613 0 
-0.040332 0 
-0.059400 0 
-0.045168 0 
-0.005873 0 
0.036344 0 
0.057911 0 
0.046986 0 
0.009950 0 
-0.032307 0 
-0.056172 0 
-0.048495 0 
-0.013834 0 
0.028242 0 
0.054200 0 
0.049699 0 
0.017512 0 
-0.024169 0 
-0.052012 0 
-0.050603 0 
-0.020974 0 
0.020107 0 
0.049626 0 
0.051212 0 
0.024212 0 
-0.016074 0 
-0.047059 0 
-0.051534 0 
-0.027218 0 
0.012088 0 
0.044330 0 
0.051577 0 
0.029985 0 
-0.008166 0 
-0.041456 0 
-0.051348 0 
-0.032508 0 
0.004326 0 
0.038456 0 
0.050859 0 
0.034782 0 
-0.000581 0 
-0.035347 0 
-0.050118 0 
-0.036805 0 
-0.003052 0 
0.032148 0 
0.049138 0 
0.038574 0 
0.006559 0 
-0.028877 0 
-0.047930 0 
-0.040089 0 
-0.009929 0 
0.025551 0 
0.046507 0 
0.041350 0 
0.013148 0 
-0.022188 0 
-0.044882 0 
-0.042358 0 
-0.016205 0 
0.018806 0 
0.043069 0 
0.043115 0 
0.019092 0 
-0.015421 0 
-0.041081 0 
-0.043626 0 
-0.021797 0 
0.012049 0 
0.038933 0 
0.043894 0 
0.024314 0 
-0.008707 0 
-0.036640 0 
-0.043925 0 
-0.026635 0 
0.005410 0 
0.034217 0 
0.043725 0 
0.028754 0 
-0.002173 0 
-0.031680 0 
-0.043301 0 
-0.030666 0 
-0.000990 0 
0.029043 0 
0.042661 0 
0.032367 0 
0.004065 0 
-0.026323 0 
-0.041815 0 
-0.033855 0 
-0.007040 0 
0.023534 0 
0.040771 0 
0.035128 0 
0.009903 0 
-0.020693 0 
-0.039539 0 
-0.036185 0 
-0.012642 0 
0.017814 0 
0.038131 0 
0.037025 0 
0.015246 0 
-0.014913 0 
-0.036558 0 
-0.037651 0 
-0.017707 0 
0.012005 0 
0.034831 0 
0.038064 0 
0.020016 0 
-0.009103 0 
-0.032963 0 
-0.038267 0 
-0.022165 0 
0.006223 0 
0.030966 0 
0.038265 0 
0.024146 0 
-0.003378 0 
-0.028854 0 
-0.038062 0 
-0.025955 0 
0.000581 0 
0.026639 0 
0.037664 0 
0.027585 0 
0.002154 0 
-0.024335 0 
-0.037078 0 
-0.029034 0 
-0.004816 0 
0.021956 0 
0.036310 0 
0.030298 0 
0.007393 0 
-0.019514 0 
-0.035369 0 
-0.031374 0 
-0.009873 0 
0.017025 0 
0.034262 0 
0.032262 0 
0.012248 0 
-0.014500 0 
-0.033000 0 
-0.032961 0 
-0.014506 0 
0.011954 0 
0.031592 0 
0.033472 0 
0.016640 0 
-0.009400 0 
-0.030048 0 
-0.033797 0 
-0.018641 0 
0.006851 0 
0.028379 0 
0.033937 0 
0.020501 0 
-0.004319 0 
-0.026596 0 
-0.033895 0 
-0.022216 0 
0.001817 0 
0.024710 0 
0.033677 0 
0.023778 0 
0.000643 0 
-0.022733 0 
-0.033286 0 
-0.025183 0 
-0.003049 0 
0.020677 0 
0.032727 0 
0.026428 0 
0.005391 0 
-0.018553 0 
-0.032008 0 
-0.027509 0 
-0.007658 0 
0.016374 0 
0.031135 0 
0.028424 0 
0.009840 0 
-0.014152 0 
-0.030116 0 
-0.029171 0 
-0.011927 0 
0.011898 0 
0.028958 0 
0.029751 0 
0.013912 0 
-0.009626 0 
-0.027670 0 
-0.030163 0 
-0.015785 0 
0.007347 0 
0.026261 0 
0.030408 0 
0.017539 0 
-0.005072 0 
-0.024741 0 
-0.030489 0 
-0.019168 0 
0.002813 0 
0.023119 0 
0.030408 0 
0.020666 0 
-0.000581 0 
-0.021406 0 
-0.030169 0 
-0.022028 0 
-0.001612 0 
0.019611 0 
0.029775 0 
0.023249 0 
0.003757 0 
-0.017746 0 
-0.029232 0 
-0.024325 0 
-0.005843 0 
0.015821 0 
0.028545 0 
0.025254 0 
0.007862 0 
-0.013848 0 
-0.027719 0 
-0.026034 0 
-0.009803 0 
0.011836 0 
0.026763 0 
0.026663 0 
0.011658 0 
-0.009798 0 
-0.025682 0 
-0.027140 0 
-0.013419 0 
0.007744 0 
0.024486 0 
0.027466 0 
0.015079 0 
-0.005684 0 
-0.023180 0 
-0.027642 0 
-0.016632 0 
0.003630 0 
0.021776 0 
0.027670 0 
0.018070 0 
-0.001591 0 
-0.020280 0 
-0.027552 0 
-0.019389 0 
-0.000421 0 
0.018703 0 
0.027290 0 
0.020584 0 
0.002398 0 
-0.017053 0 
-0.026889 0 
-0.021651 0 
-0.004329 0 
0.015341 0 
0.026353 0 
0.022586 0 
0.006206 0 
-0.013577 0 
-0.025687 0 
-0.023386 0 
-0.008019 0 
0.011769 0 
0.024897 0 
0.024051 0 
0.009761 0 
-0.009929 0 
-0.023988 0 
-0.024579 0 
-0.011424 0 
0.008065 0 
0.022967 0 
0.024968 0 
0.013000 0 
-0.006189 0 
-0.021842 0 
-0.025220 0 
-0.014483 0 
0.004310 0 
0.020619 0 
0.025335 0 
0.015866 0 
-0.002438 0 
-0.019307 0 
-0.025315 0 
-0.017144 0 
0.000581 0 
0.017913 0 
0.025161 0 
0.018312 0 
0.001249 0 
-0.016446 0 
-0.024878 0 
-0.019366 0 
-0.003046 0 
0.014915 0 
0.024468 0 
0.020302 0 
0.004799 0 
-0.013329 0 
-0.023935 0 
-0.021116 0 
-0.006500 0 
0.011696 0 
0.023283 0 
0.021807 0 
0.008142 0 
-0.010026 0 
-0.022519 0 
-0.022373 0 
-0.009716 0 
0.008327 0 
0.021648 0 
0.022813 0 
0.011217 0 
-0.006610 0 
-0.020675 0 
-0.023126 0 
-0.012636 0 
0.004883 0 
0.019607 0 
0.023313 0 
0.013968 0 
-0.003155 0 
-0.018451 0 
-0.023374 0 
-0.015207 0 
0.001435 0 
0.017215 0 
0.023311 0 
0.016348 0 
0.000267 0 
-0.015906 0 
-0.023126 0 
-0.017387 0 
-0.001945 0 
0.014531 0 
0.022821 0 
0.018320 0 
0.003588 0 
-0.013099 0 
-0.022401 0 
-0.019143 0 
-0.005190 0 
0.011617 0 
0.021868 0 
0.019853 0 
0.006741 0 
-0.010095 0 
-0.021228 0 
-0.020449 0 
-0.008237 0 
0.008541 0 
0.020484 0 
0.020930 0 
0.009668 0 
-0.006963 0 
-0.019642 0 
-0.021293 0 
-0.011028 0 
0.005369 0 
0.018709 0 
0.021539 0 
0.012313 0 
-0.003769 0 
-0.017689 0 
-0.021668 0 
-0.013515 0 
0.002170 0 
0.016589 0 
0.021681 0 
0.014630 0 
-0.000581 0 
-0.015417 0 
-0.021580 0 
-0.015652 0 
-0.000990 0 
0.014178 0 
0.021366 0 
0.016579 0 
0.002535 0 
-0.012881 0 
-0.021042 0 
-0.017407 0 
-0.004047 0 
0.011533 0 
0.020612 0 
0.018131 0 
0.005518 0 
-0.010142 0 
-0.020078 0 
-0.018751 0 
-0.006940 0 
0.008715 0 
0.019445 0 
0.019264 0 
0.008308 0 
-0.007260 0 
-0.018718 0 
-0.019669 0 
-0.009615 0 
0.005785 0 
0.017901 0 
0.019965 0 
0.010855 0 
-0.004299 0 
-0.017000 0 
-0.020152 0 
-0.012022 0 
0.002808 0 
0.016020 0 
0.020230 0 
0.013110 0 
-0.001321 0 
-0.014969 0 
-0.020201 0 
-0.014116 0 
-0.000155 0 
0.013851 0 
0.020065 0 
0.015036 0 
0.001611 0 
-0.012674 0 
-0.019825 0 
-0.015864 0 
-0.003041 0 
0.011444 0 
0.019483 0 
0.016599 0 
0.004438 0 
-0.010169 0 
-0.019043 0 
-0.017238 0 
-0.005795 0 
0.008855 0 
0.018507 0 
0.017777 0 
0.007105 0 
-0.007511 0 
-0.017881 0 
-0.018217 0 
-0.008361 0 
0.006142 0 
0.017167 0 
0.018555 0 
0.009559 0 
-0.004758 0 
-0.016371 0 
-0.018791 0 
-0.010692 0 
0.003365 0 
0.015498 0 
0.018926 0 
0.011755 0 
-0.001970 0 
-0.014553 0 
-0.018958 0 
-0.012744 0 
0.000581 0 
0.013543 0 
0.018891 0 
0.013655 0 
0.000795 0 
-0.012473 0 
-0.018724 0 
-0.014482 0 
-0.002150 0 
0.011349 0 
0.018461 0 
0.015224 0 
0.003479 0 
-0.010178 0 
-0.018103 0 
-0.015877 0 
-0.004775 0 
0.008967 0 
0.017653 0 
0.016438 0 
0.006031 0 
-0.007722 0 
-0.017115 0 
-0.016907 0 
-0.007240 0 
0.006450 0 
0.016493 0 
0.017281 0 
0.008398 0 
-0.005158 0 
-0.015791 0 
-0.017560 0 
-0.009499 0 
0.003854 0 
0.015014 0 
0.017743 0 
0.010538 0 
-0.002543 0 
-0.014165 0 
-0.017830 0 
-0.011509 0 
0.001234 0 
0.013251 0 
0.017822 0 
0.012409 0 
0.000068 0 
-0.012277 0 
-0.017720 0 
-0.013234 0 
-0.001356 0 
0.011249 0 
0.017526 0 
0.013980 0 
0.002622 0 
-0.010172 0 
-0.017241 0 
-0.014644 0 
-0.003861 0 
0.009054 0 
0.016868 0 
0.015223 0 
0.005066 0 
-0.007899 0 
-0.016410 0 
-0.015717 0 
-0.006231 0 
0.006715 0 
0.015870 0 
0.016121 0 
0.007352 0 
-0.005508 0 
-0.015252 0 
-0.016437 0 
-0.008422 0 
0.004285 0 
0.014560 0 
0.016662 0 
0.009436 0 
-0.003051 0 
-0.013798 0 
-0.016797 0 
-0.010389 0 
0.001815 0 
0.012972 0 
0.016842 0 
0.011278 0 
-0.000581 0 
-0.012085 0 
-0.016797 0 
-0.012099 0 
-0.000643 0 
0.011144 0 
0.016665 0 
0.012847 0 
0.001850 0 
-0.010153 0 
-0.016445 0 
-0.013519 0 
-0.003036 0 
0.009119 0 
0.016141 0 
0.014113 0 
0.004194 0 
-0.008047 0 
-0.015755 0 
-0.014627 0 
-0.005318 0 
0.006943 0 
0.015289 0 
0.015058 0 
0.006403 0 
-0.005814 0 
-0.014747 0 
-0.015406 0 
-0.007442 0 
0.004666 0 
0.014133 0 
0.015668 0 
0.008433 0 
-0.003504 0 
-0.013450 0 
-0.015846 0 
-0.009369 0 
0.002334 0 
0.012703 0 
0.015937 0 
0.010246 0 
-0.001165 0 
-0.011896 0 
-0.015944 0 
-0.011061 0 
0.000000 0 
0.011034 0 
0.015866 0 
0.011809 0 
0.001153 0 
-0.010122 0 
-0.015705 0 
-0.012487 0 
-0.002289 0 
0.009165 0 
0.015463 0 
0.013093 0 
0.003402 0 
-0.008169 0 
-0.015142 0 
-0.013624 0 
-0.004487 0 
0.007140 0 
0.014743 0 
0.014078 0 
0.005537 0 
-0.006082 0 
-0.014271 0 
-0.014454 0 
-0.006548 0 
0.005003 0 
0.013727 0 
0.014749 0 
0.007515 0 
-0.003907 0 
-0.013116 0 
-0.014964 0 
-0.008433 0 
0.002801 0 
0.012441 0 
0.015097 0 
0.009298 0 
-0.001690 0 
-0.011707 0 
-0.015150 0 
-0.010106 0 
0.000581 0 
0.010918 0 
0.015122 0 
0.010853 0 
0.000521 0 
-0.010079 0 
-0.015014 0 
-0.011536 0 
-0.001610 0 
0.009194 0 
0.014828 0 
0.012151 0 
0.002680 0 
-0.008268 0 
-0.014565 0 
-0.012696 0 
-0.003727 0 
0.007308 0 
0.014228 0 
0.013170 0 
0.004744 0 
-0.006317 0 
-0.013818 0 
-0.013570 0 
-0.005728 0 
0.005302 0 
0.013340 0 
0.013894 0 
0.006672 0 
-0.004268 0 
-0.012795 0 
-0.014142 0 
-0.007572 0 
0.003221 0 
0.012187 0 
0.014313 0 
0.008424 0 
-0.002166 0 
-0.011520 0 
-0.014406 0 
-0.009224 0 
0.001109 0 
0.010798 0 
0.014423 0 
0.009968 0 
-0.000055 0 
-0.010026 0 
-0.014364 0 
-0.010653 0 
-0.000989 0 
0.009207 0 
0.014229 0 
0.011276 0 
0.002019 0 
-0.008347 0 
-0.014020 0 
-0.011834 0 
-0.003030 0 
0.007450 0 
0.013738 0 
0.012324 0 
0.004016 0 
-0.006522 0 
-0.013387 0 
-0.012745 0 
-0.004972 0 
0.005567 0 
0.012968 0 
0.013095 0 
0.005893 0 
-0.004591 0 
-0.012483 0 
-0.013372 0 
-0.006776 0 
0.003599 0 
0.011937 0 
0.013577 0 
0.007615 0 
-0.002597 0 
-0.011333 0 
-0.013708 0 
-0.008406 0 
0.001589 0 
0.010674 0 
0.013765 0 
0.009147 0 
-0.000581 0 
-0.009963 0 
-0.013750 0 
-0.009833 0 
-0.000421 0 
0.009206 0 
0.013661 0 
0.010461 0 
0.001413 0 
-0.008407 0 
-0.013501 0 
-0.011028 0 
-0.002388 0 
0.007570 0 
0.013271 0 
0.011533 0 
0.003343 0 
-0.006700 0 
-0.012973 0 
-0.011972 0 
-0.004273 0 
0.005802 0 
0.012609 0 
0.012345 0 
0.005172 0 
-0.004880 0 
-0.012181 0 
-0.012649 0 
-0.006037 0 
0.003941 0 
0.011692 0 
0.012884 0 
0.006862 0 
-0.002988 0 
-0.011145 0 
-0.013048 0 
-0.007645 0 
0.002027 0 
0.010544 0 
0.013143 0 
0.008380 0 
-0.001063 0 
-0.009892 0 
-0.013167 0 
-0.009066 0 
0.000101 0 
0.009193 0 
0.013121 0 
0.009698 0 
0.000854 0 
-0.008451 0 
-0.013007 0 
-0.010274 0 
-0.001796 0 
0.007670 0 
0.012824 0 
0.010790 0 
0.002721 0 
-0.006855 0 
-0.012575 0 
-0.011246 0 
-0.003625 0 
0.006009 0 
0.012262 0 
0.011638 0 
0.004502 0 
-0.005139 0 
-0.011886 0 
-0.011966 0 
-0.005349 0 
0.004249 0 
0.011450 0 
0.012228 0 
0.006161 0 
-0.003343 0 
-0.010957 0 
-0.012423 0 
-0.006933 0 
0.002426 0 
0.010410 0 
0.012551 0 
0.007664 0 
-0.001504 0 
-0.009812 0 
-0.012612 0 
-0.008347 0 
0.000581 0 
0.009167 0 
0.012606 0 
0.008982 0 
0.000338 0 
-0.008479 0 
-0.012532 0 
-0.009564 0 
-0.001248 0 
0.007751 0 
0.012394 0 
0.010091 0 
0.002144 0 
-0.006987 0 
-0.012190 0 
-0.010560 0 
-0.003023 0 
0.006192 0 
0.011924 0 
0.010971 0 
0.003879 0 
-0.005371 0 
-0.011597 0 
-0.011320 0 
-0.004707 0 
0.004527 0 
0.011210 0 
0.011606 0 
0.005505 0 
-0.003666 0 
-0.010768 0 
-0.011829 0 
-0.006267 0 
0.002792 0 
0.010272 0 
0.011988 0 
0.006991 0 
-0.001910 0 
-0.009725 0 
-0.012082 0 
-0.007672 0 
0.001024 0 
0.009131 0 
0.012111 0 
0.008308 0 
-0.000139 0 
-0.008492 0 
-0.012077 0 
-0.008894 0 
-0.000740 0 
0.007814 0 
0.011978 0 
0.009430 0 
0.001608 0 
-0.007100 0 
-0.011817 0 
-0.009912 0 
-0.002462 0 
0.006353 0 
0.011595 0 
0.010337 0 
0.003296 0 
-0.005578 0 
-0.011313 0 
-0.010705 0 
-0.004107 0 
0.004779 0 
0.010973 0 
0.011014 0 
0.004890 0 
-0.003960 0 
-0.010577 0 
-0.011262 0 
-0.005642 0 
0.003127 0 
0.010129 0 
0.011449 0 
0.006358 0 
-0.002283 0 
-0.009630 0 
-0.011574 0 
-0.007036 0 
0.001433 0 
0.009084 0 
0.011636 0 
0.007671 0 
-0.000581 0 
-0.008493 0 
-0.011637 0 
-0.008261 0 
-0.000267 0 
0.007862 0 
0.011576 0 
0.008804 0 
0.001108 0 
-0.007194 0 
-0.011455 0 
-0.009296 0 
-0.001938 0 
0.006492 0 
0.011273 0 
0.009735 0 
0.002751 0 
-0.005761 0 
-0.011033 0 
-0.010120 0 
-0.003544 0 
0.005005 0 
0.010737 0 
0.010449 0 
0.004312 0 
-0.004227 0 
-0.010386 0 
-0.010720 0 
-0.005053 0 
0.003433 0 
0.009982 0 
0.010932 0 
0.005761 0 
-0.002626 0 
-0.009528 0 
-0.011085 0 
-0.006434 0 
0.001810 0 
0.009027 0 
0.011179 0 
0.007069 0 
-0.000991 0 
-0.008482 0 
-0.011212 0 
-0.007661 0 
0.000172 0 
0.007896 0 
0.011186 0 
0.008209 0 
0.000642 0 
-0.007271 0 
-0.011101 0 
-0.008710 0 
-0.001448 0 
0.006613 0 
0.010958 0 
0.009162 0 
0.002240 0 
-0.005924 0 
-0.010758 0 
-0.009561 0 
-0.003015 0 
0.005208 0 
0.010502 0 
0.009908 0 
0.003769 0 
-0.004470 0 
-0.010193 0 
-0.010200 0 
-0.004497 0 
0.003713 0 
0.009831 0 
0.010436 0 
0.005197 0 
-0.002942 0 
-0.009420 0 
-0.010615 0 
-0.005865 0 
0.002160 0 
0.008962 0 
0.010736 0 
0.006498 0 
-0.001371 0 
-0.008459 0 
-0.010800 0 
-0.007091 0 
0.000581 0 
0.007915 0 
0.010807 0 
0.007644 0 
0.000207 0 
-0.007333 0 
-0.010756 0 
-0.008152 0 
-0.000989 0 
0.006716 0 
0.010649 0 
0.008614 0 
0.001760 0 
-0.006067 0 
-0.010486 0 
-0.009027 0 
-0.002517 0 
0.005391 0 
0.010268 0 
0.009389 0 
0.003256 0 
-0.004690 0 
-0.009998 0 
-0.009700 0 
-0.003973 0 
0.003969 0 
0.009676 0 
0.009957 0 
0.004664 0 
-0.003232 0 
-0.009306 0 
-0.010160 0 
-0.005325 0 
0.002483 0 
0.008888 0 
0.010308 0 
0.005955 0 
-0.001725 0 
-0.008426 0 
-0.010400 0 
-0.006549 0 
0.000962 0 
0.007923 0 
0.010437 0 
0.007104 0 
-0.000200 0 
-0.007381 0 
-0.010418 0 
-0.007618 0 
-0.000558 0 
0.006803 0 
0.010344 0 
0.008089 0 
0.001309 0 
-0.006193 0 
-0.010216 0 
-0.008514 0 
-0.002048 0 
0.005554 0 
0.010035 0 
0.008891 0 
0.002772 0 
-0.004889 0 
-0.009801 0 
-0.009219 0 
-0.003476 0 
0.004203 0 
0.009518 0 
0.009495 0 
0.004158 0 
-0.003499 0 
-0.009185 0 
-0.009720 0 
-0.004813 0 
0.002781 0 
0.008806 0 
0.009892 0 
0.005438 0 
-0.002053 0 
-0.008383 0 
-0.010011 0 
-0.006031 0 
0.001318 0 
0.007918 0 
0.010076 0 
0.006589 0 
-0.000581 0 
-0.007415 0 
-0.010087 0 
-0.007108 0 
-0.000155 0 
0.006875 0 
0.010044 0 
0.007586 0 
0.000885 0 
-0.006301 0 
-0.009949 0 
-0.008021 0 
-0.001606 0 
0.005699 0 
0.009802 0 
0.008411 0 
0.002314 0 
-0.005069 0 
-0.009603 0 
-0.008754 0 
-0.003006 0 
0.004417 0 
0.009355 0 
0.009049 0 
0.003677 0 
-0.003745 0 
-0.009059 0 
-0.009294 0 
-0.004325 0 
0.003057 0 
0.008717 0 
0.009488 0 
0.004946 0 
-0.002358 0 
-0.008331 0 
-0.009631 0 
-0.005538 0 
0.001650 0 
0.007903 0 
0.009722 0 
0.006096 0 
-0.000938 0 
-0.007436 0 
-0.009761 0 
-0.006619 0 
0.000225 0 
0.006932 0 
0.009748 0 
0.007103 0 
0.000485 0 
-0.006394 0 
-0.009684 0 
-0.007547 0 
-0.001188 0 
0.005826 0 
0.009569 0 
0.007949 0 
0.001881 0 
-0.005231 0 
-0.009404 0 
-0.008306 0 
-0.002560 0 
0.004611 0 
0.009189 0 
0.008617 0 
0.003221 0 
-0.003970 0 
-0.008928 0 
-0.008880 0 
-0.003861 0 
0.003313 0 
0.008621 0 
0.009095 0 
0.004477 0 
-0.002641 0 
-0.008270 0 
-0.009261 0 
-0.005065 0 
0.001960 0 
0.007877 0 
0.009376 0 
0.005624 0 
-0.001272 0 
-0.007445 0 
-0.009441 0 
-0.006149 0 
0.000581 0 
0.006976 0 
0.009456 0 
0.006639 0 
0.000109 0 
-0.006473 0 
-0.009421 0 
-0.007091 0 
-0.000794 0 
0.005938 0 
0.009336 0 
0.007502 0 
0.001471 0 
-0.005375 0 
-0.009202 0 
-0.007872 0 
-0.002136 0 
0.004787 0 
0.009020 0 
0.008197 0 
0.002786 0 
-0.004177 0 
-0.008792 0 
-0.008478 0 
-0.003418 0 
0.003548 0 
0.008518 0 
0.008712 0 
0.004028 0 
-0.002904 0 
-0.008201 0 
-0.008898 0 
-0.004613 0 
0.002248 0 
0.007842 0 
0.009037 0 
0.005171 0 
-0.001584 0 
-0.007443 0 
-0.009127 0 
-0.005698 0 
0.000916 0 
0.007008 0 
0.009168 0 
0.006192 0 
-0.000246 0 
-0.006537 0 
-0.009160 0 
-0.006650 0 
-0.000421 0 
0.006035 0 
0.009103 0 
0.007071 0 
0.001082 0 
-0.005504 0 
-0.008999 0 
-0.007451 0 
-0.001734 0 
0.004946 0 
0.008848 0 
0.007790 0 
0.002373 0 
-0.004366 0 
-0.008651 0 
-0.008087 0 
-0.002996 0 
0.003765 0 
0.008409 0 
0.008338 0 
0.003599 0 
-0.003148 0 
-0.008124 0 
-0.008544 0 
-0.004181 0 
0.002518 0 
0.007797 0 
0.008704 0 
0.004736 0 
-0.001877 0 
-0.007431 0 
-0.008816 0 
-0.005264 0 
0.001231 0 
0.007027 0 
0.008882 0 
0.005761 0 
-0.000581 0 
-0.006589 0 
-0.008900 0 
-0.006225 0 
-0.000068 0 
0.006118 0 
0.008871 0 
0.006653 0 
0.000714 0 
-0.005617 0 
-0.008795 0 
-0.007044 0 
-0.001352 0 
0.005090 0 
0.008672 0 
0.007395 0 
0.001979 0 
-0.004538 0 
-0.008505 0 
-0.007705 0 
-0.002592 0 
0.003965 0 
0.008293 0 
0.007973 0 
0.003189 0 
-0.003374 0 
-0.008039 0 
-0.008197 0 
-0.003765 0 
0.002768 0 
0.007744 0 
0.008377 0 
0.004319 0 
-0.002151 0 
-0.007409 0 
-0.008511 0 
-0.004846 0 
0.001526 0 
0.007036 0 
0.008599 0 
0.005346 0 
-0.000897 0 
-0.006628 0 
-0.008641 0 
-0.005814 0 
0.000265 0 
0.006188 0 
0.008638 0 
0.006249 0 
0.000364 0 
-0.005717 0 
-0.008589 0 
-0.006648 0 
-0.000988 0 
0.005218 0 
0.008494 0 
0.007010 0 
0.001603 0 
-0.004694 0 
-0.008355 0 
-0.007333 0 
-0.002207 0 
0.004148 0 
0.008172 0 
0.007616 0 
0.002796 0 
-0.003583 0 
-0.007948 0 
-0.007857 0 
-0.003367 0 
0.003002 0 
0.007682 0 
0.008055 0 
0.003917 0 
-0.002408 0 
-0.007377 0 
-0.008209 0 
-0.004444 0 
0.001804 0 
0.007034 0 
0.008319 0 
0.004944 0 
-0.001194 0 
-0.006656 0 
-0.008384 0 
-0.005416 0 
0.000581 0 
0.006245 0 
0.008405 0 
0.005857 0 
0.000032 0 
-0.005803 0 
-0.008381 0 
-0.006264 0 
-0.000642 0 
0.005332 0 
0.008313 0 
0.006636 0 
0.001245 0 
-0.004835 0 
-0.008201 0 
-0.006971 0 
-0.001839 0 
0.004316 0 
0.008046 0 
0.007267 0 
0.002420 0 
-0.003776 0 
-0.007850 0 
-0.007523 0 
-0.002985 0 
0.003219 0 
0.007612 0 
0.007738 0 
0.003531 0 
-0.002647 0 
-0.007336 0 
-0.007911 0 
-0.004056 0 
0.002065 0 
0.007022 0 
0.008042 0 
0.004557 0 
-0.001475 0 
-0.006673 0 
-0.008129 0 
-0.005031 0 
0.000879 0 
0.006290 0 
0.008172 0 
0.005476 0 
-0.000282 0 
-0.005876 0 
-0.008172 0 
-0.005890 0 
-0.000313 0 
0.005432 0 
0.008129 0 
0.006271 0 
0.000904 0 
-0.004963 0 
-0.008043 0 
-0.006616 0 
-0.001487 0 
0.004469 0 
0.007915 0 
0.006925 0 
0.002059 0 
-0.003954 0 
-0.007745 0 
-0.007196 0 
-0.002618 0 
0.003420 0 
0.007536 0 
0.007427 0 
0.003160 0 
-0.002871 0 
-0.007287 0 
-0.007617 0 
-0.003682 0 
0.002310 0 
0.007001 0 
0.007767 0 
0.004183 0 
-0.001739 0 
-0.006679 0 
-0.007874 0 
-0.004658 0 
0.001162 0 
0.006324 0 
0.007939 0 
0.005107 0 
-0.000581 0 
-0.005937 0 
-0.007962 0 
-0.005527 0 
0.000000 0 
0.005520 0 
0.007943 0 
0.005915 0 
0.000578 0 
-0.005076 0 
-0.007881 0 
-0.006270 0 
-0.001150 0 
0.004608 0 
0.007779 0 
0.006590 0 
0.001714 0 
-0.004117 0 
-0.007635 0 
-0.006874 0 
-0.002265 0 
0.003607 0 
0.007452 0 
0.007120 0 
0.002802 0 
-0.003080 0 
-0.007230 0 
-0.007327 0 
-0.003321 0 
0.002539 0 
0.006971 0 
0.007494 0 
0.003821 0 
-0.001988 0 
-0.006676 0 
-0.007621 0 
-0.004297 0 
0.001428 0 
0.006347 0 
0.007706 0 
0.004749 0 
-0.000864 0 
-0.005986 0 
-0.007751 0 
-0.005173 0 
0.000298 0 
0.005596 0 
0.007754 0 
0.005568 0 
0.000267 0 
-0.005177 0 
-0.007716 0 
-0.005932 0 
-0.000828 0 
0.004733 0 
0.007638 0 
0.006262 0 
0.001382 0 
-0.004266 0 
-0.007519 0 
-0.006558 0 
-0.001926 0 
0.003779 0 
0.007361 0 
0.006818 0 
0.002457 0 
-0.003274 0 
-0.007165 0 
-0.007040 0 
-0.002973 0 
0.002754 0 
0.006932 0 
0.007224 0 
0.003471 0 
-0.002221 0 
-0.006663 0 
-0.007369 0 
-0.003947 0 
0.001680 0 
0.006360 0 
0.007474 0 
0.004401 0 
-0.001132 0 
-0.006025 0 
-0.007539 0 
-0.004829 0 
0.000581 0 
0.005660 0 
0.007563 0 
0.005230 0 
-0.000029 0 
-0.005266 0 
-0.007548 0 
-0.005601 0 
-0.000520 0 
0.004846 0 
0.007493 0 
0.005941 0 
0.001065 0 
-0.004402 0 
-0.007398 0 
-0.006248 0 
-0.001601 0 
0.003937 0 
0.007264 0 
0.006520 0 
0.002126 0 
-0.003454 0 
-0.007093 0 
-0.006756 0 
-0.002637 0 
0.002954 0 
0.006885 0 
0.006956 0 
0.003132 0 
-0.002441 0 
-0.006641 0 
-0.007118 0 
-0.003608 0 
0.001918 0 
0.006363 0 
0.007241 0 
0.004063 0 
-0.001386 0 
-0.006053 0 
-0.007325 0 
-0.004494 0 
0.000850 0 
0.005712 0 
0.007371 0 
0.004900 0 
-0.000312 0 
-0.005343 0 
-0.007377 0 
-0.005278 0 
-0.000226 0 
0.004947 0 
0.007344 0 
0.005626 0 
0.000760 0 
-0.004526 0 
-0.007272 0 
-0.005943 0 
-0.001288 0 
0.004083 0 
0.007162 0 
0.006227 0 
0.001806 0 
-0.003621 0 
-0.007014 0 
-0.006476 0 
-0.002312 0 
0.003141 0 
0.006830 0 
0.006690 0 
0.002804 0 
-0.002647 0 
-0.006611 0 
-0.006868 0 
-0.003279 0 
0.002142 0 
0.006357 0 
0.007009 0 
0.003735 0 
-0.001627 0 
-0.006071 0 
-0.007111 0 
-0.004168 0 
0.001106 0 
0.005754 0 
0.007176 0 
0.004578 0 
-0.000581 0 
-0.005409 0 
-0.007202 0 
-0.004961 0 
0.000055 0 
0.005035 0 
0.007191 0 
0.005317 0 
0.000468 0 
-0.004637 0 
-0.007141 0 
-0.005643 0 
-0.000987 0 
0.004216 0 
0.007053 0 
0.005937 0 
0.001498 0 
-0.003775 0 
-0.006929 0 
-0.006199 0 
-0.001999 0 
0.003316 0 
0.006768 0 
0.006427 0 
0.002487 0 
-0.002841 0 
-0.006572 0 
-0.006620 0 
-0.002960 0 
0.002353 0 
0.006342 0 
0.006776 0 
0.003416 0 
-0.001854 0 
-0.006080 0 
-0.006897 0 
-0.003851 0 
0.001348 0 
0.005786 0 
0.006980 0 
0.004264 0 
-0.000837 0 
-0.005464 0 
-0.007026 0 
-0.004652 0 
0.000324 0 
0.005113 0 
0.007034 0 
0.005014 0 
0.000189 0 
-0.004737 0 
-0.007005 0 
-0.005348 0 
-0.000698 0 
0.004338 0 
0.006939 0 
0.005652 0 
0.001202 0 
-0.003917 0 
-0.006837 0 
-0.005925 0 
-0.001697 0 
0.003477 0 
0.006699 0 
0.006166 0 
0.002181 0 
-0.003021 0 
-0.006526 0 
-0.006373 0 
-0.002651 0 
0.002551 0 
0.006319 0 
0.006545 0 
0.003105 0 
-0.002069 0 
-0.006079 0 
-0.006681 0 
-0.003541 0 
0.001578 0 
0.005809 0 
0.006782 0 
0.003957 0 
-0.001081 0 
-0.005508 0 
-0.006846 0 
-0.004349 0 
0.000581 0 
0.005180 0 
0.006874 0 
0.004717 0 
-0.000079 0 
-0.004826 0 
-0.006866 0 
-0.005058 0 
-0.000421 0 
0.004448 0 
0.006820 0 
0.005372 0 
0.000916 0 
-0.004047 0 
-0.006739 0 
-0.005655 0 
-0.001405 0 
0.003627 0 
0.006623 0 
0.005907 0 
0.001884 0 
-0.003190 0 
-0.006472 0 
-0.006127 0 
-0.002351 0 
0.002737 0 
0.006287 0 
0.006313 0 
0.002804 0 
-0.002272 0 
-0.006070 0 
-0.006466 0 
-0.003240 0 
0.001796 0 
0.005822 0 
0.006583 0 
0.003657 0 
-0.001314 0 
-0.005543 0 
-0.006665 0 
-0.004053 0 
0.000826 0 
0.005237 0 
0.006711 0 
0.004426 0 
-0.000335 0 
-0.004904 0 
-0.006722 0 
-0.004774 0 
-0.000155 0 
0.004546 0 
0.006697 0 
0.005095 0 
0.000642 0 
-0.004166 0 
-0.006636 0 
-0.005388 0 
-0.001123 0 
0.003766 0 
0.006541 0 
0.005651 0 
0.001597 0 
-0.003346 0 
-0.006411 0 
-0.005883 0 
-0.002061 0 
0.002911 0 
0.006248 0 
0.006083 0 
0.002511 0 
-0.002463 0 
-0.006053 0 
-0.006250 0 
-0.002947 0 
0.002003 0 
0.005826 0 
0.006383 0 
0.003365 0 
-0.001534 0 
-0.005569 0 
-0.006481 0 
-0.003763 0 
0.001059 0 
0.005284 0 
0.006545 0 
0.004140 0 
-0.000581 0 
-0.004972 0 
-0.006574 0 
-0.004494 0 
0.000101 0 
0.004635 0 
0.006568 0 
0.004822 0 
0.000377 0 
-0.004274 0 
-0.006528 0 
-0.005124 0 
-0.000852 0 
0.003893 0 
0.006453 0 
0.005397 0 
0.001320 0 
-0.003492 0 
-0.006344 0 
-0.005640 0 
-0.001779 0 
0.003075 0 
0.006201 0 
0.005853 0 
0.002227 0 
-0.002642 0 
-0.006027 0 
-0.006033 0 
-0.002661 0 
0.002198 0 
0.005821 0 
0.006181 0 
0.003080 0 
-0.001744 0 
-0.005586 0 
-0.006296 0 
-0.003480 0 
0.001282 0 
0.005321 0 
0.006377 0 
0.003861 0 
-0.000815 0 
-0.005030 0 
-0.006423 0 
-0.004219 0 
0.000346 0 
0.004713 0 
0.006436 0 
0.004554 0 
0.000123 0 
-0.004372 0 
-0.006414 0 
-0.004863 0 
-0.000590 0 
0.004009 0 
0.006359 0 
0.005145 0 
0.001052 0 
-0.003627 0 
-0.006270 0 
-0.005399 0 
-0.001506 0 
0.003227 0 
0.006148 0 
0.005623 0 
0.001951 0 
-0.002811 0 
-0.005994 0 
-0.005817 0 
-0.002383 0 
0.002382 0 
0.005809 0 
0.005979 0 
0.002801 0 
-0.001942 0 
-0.005593 0 
-0.006109 0 
-0.003203 0 
0.001494 0 
0.005349 0 
0.006206 0 
0.003586 0 
-0.001039 0 
-0.005078 0 
-0.006269 0 
-0.003949 0 
0.000581 0 
0.004781 0 
0.006299 0 
0.004289 0 
-0.000121 0 
-0.004459 0 
-0.006296 0 
-0.004606 0 
-0.000338 0 
0.004115 0 
0.006259 0 
0.004896 0 
0.000793 0 
-0.003751 0 
-0.006190 0 
-0.005160 0 
-0.001242 0 
0.003368 0 
0.006087 0 
0.005395 0 
0.001682 0 
-0.002969 0 
-0.005953 0 
-0.005601 0 
-0.002113 0 
0.002555 0 
0.005788 0 
0.005776 0 
0.002530 0 
-0.002130 0 
-0.005593 0 
-0.005920 0 
-0.002932 0 
0.001695 0 
0.005369 0 
0.006032 0 
0.003317 0 
-0.001253 0 
-0.005117 0 
-0.006112 0 
-0.003684 0 
0.000805 0 
0.004839 0 
0.006159 0 
0.004029 0 
-0.000355 0 
-0.004537 0 
-0.006173 0 
-0.004352 0 
-0.000095 0 
0.004211 0 
0.006155 0 
0.004650 0 
0.000543 0 
-0.003865 0 
-0.006104 0 
-0.004922 0 
-0.000986 0 
0.003499 0 
0.006020 0 
0.005168 0 
0.001422 0 
-0.003116 0 
-0.005906 0 
-0.005385 0 
-0.001849 0 
0.002718 0 
0.005760 0 
0.005573 0 
0.002265 0 
-0.002308 0 
-0.005584 0 
-0.005730 0 
-0.002668 0 
0.001886 0 
0.005379 0 
0.005857 0 
0.003054 0 
-0.001456 0 
-0.005147 0 
-0.005952 0 
-0.003423 0 
0.001020 0 
0.004888 0 
0.006015 0 
0.003773 0 
-0.000581 0 
-0.004605 0 
-0.006046 0 
-0.004101 0 
0.000139 0 
0.004297 0 
0.006045 0 
0.004406 0 
0.000301 0 
-0.003969 0 
-0.006012 0 
-0.004687 0 
-0.000738 0 
0.003620 0 
0.005947 0 
0.004942 0 
0.001170 0 
-0.003254 0 
-0.005851 0 
-0.005170 0 
-0.001594 0 
0.002871 0 
0.005724 0 
0.005369 0 
0.002007 0 
-0.002475 0 
-0.005568 0 
-0.005539 0 
-0.002409 0 
0.002068 0 
0.005382 0 
0.005680 0 
0.002796 0 
-0.001650 0 
-0.005169 0 
-0.005789 0 
-0.003168 0 
0.001226 0 
0.004929 0 
0.005868 0 
0.003521 0 
-0.000796 0 
-0.004663 0 
-0.005915 0 
-0.003854 0 
0.000364 0 
0.004374 0 
0.005931 0 
0.004165 0 
0.000068 0 
-0.004063 0 
-0.005915 0 
-0.004453 0 
-0.000499 0 
0.003732 0 
0.005868 0 
0.004717 0 
0.000925 0 
-0.003381 0 
-0.005790 0 
-0.004955 0 
-0.001345 0 
0.003015 0 
0.005682 0 
0.005165 0 
0.001756 0 
-0.002633 0 
-0.005544 0 
-0.005347 0 
-0.002157 0 
0.002239 0 
0.005377 0 
0.005501 0 
0.002544 0 
-0.001835 0 
-0.005182 0 
-0.005625 0 
-0.002917 0 
0.001422 0 
0.004960 0 
0.005718 0 
0.003273 0 
-0.001003 0 
-0.004713 0 
-0.005781 0 
-0.003610 0 
0.000580 0 
0.004442 0 
0.005813 0 
0.003927 0 
-0.000156 0 
-0.004148 0 
-0.005814 0 
-0.004222 0 
-0.000267 0 
0.003833 0 
0.005784 0 
0.004493 0 
0.000688 0 
-0.003500 0 
-0.005723 0 
-0.004740 0 
-0.001103 0 
0.003148 0 
0.005633 0 
0.004961 0 
0.001511 0 
-0.002781 0 
-0.005513 0 
-0.005155 0 
-0.001910 0 
0.002401 0 
0.005364 0 
0.005320 0 
0.002297 0 
-0.002010 0 
-0.005187 0 
-0.005457 0 
-0.002671 0 
0.001609 0 
0.004984 0 
0.005565 0 
0.003029 0 
-0.001201 0 
-0.004755 0 
-0.005643 0 
-0.003370 0 
0.000788 0 
0.004501 0 
0.005690 0 
0.003692 0 
-0.000372 0 
-0.004224 0 
-0.005707 0 
-0.003993 0 
-0.000044 0 
0.003926 0 
0.005694 0 
0.004272 0 
0.000458 0 
-0.003608 0 
-0.005651 0 
-0.004527 0 
-0.000869 0 
0.003273 0 
0.005578 0 
0.004757 0 
0.001273 0 
-0.002920 0 
-0.005475 0 
-0.004961 0 
-0.001670 0 
0.002554 0 
0.005344 0 
0.005139 0 
0.002056 0 
-0.002176 0 
-0.005185 0 
-0.005288 0 
-0.002430 0 
0.001787 0 
0.004999 0 
0.005409 0 
0.002790 0 
-0.001390 0 
-0.004788 0 
-0.005501 0 
-0.003133 0 
0.000987 0 
0.004551 0 
0.005563 0 
0.003459 0 
-0.000580 0 
-0.004291 0 
-0.005596 0 
-0.003766 0 
0.000172 0 
0.004010 0 
0.005599 0 
0.004051 0 
0.000236 0 
-0.003708 0 
-0.005572 0 
-0.004314 0 
-0.000641 0 
0.003388 0 
0.005516 0 
0.004553 0 
0.001042 0 
-0.003050 0 
-0.005431 0 
-0.004768 0 
-0.001435 0 
0.002698 0 
0.005317 0 
0.004956 0 
0.001820 0 
-0.002333 0 
-0.005175 0 
-0.005117 0 
-0.002194 0 
0.001956 0 
0.005007 0 
0.005251 0 
0.002554 0 
-0.001570 0 
-0.004812 0 
-0.005357 0 
-0.002901 0 
0.001178 0 
0.004593 0 
0.005433 0 
0.003230 0 
-0.000780 0 
-0.004350 0 
-0.005481 0 
-0.003541 0 
0.000380 0 
0.004085 0 
0.005499 0 
0.003833 0 
0.000021 0 
-0.003799 0 
-0.005489 0 
-0.004103 0 
-0.000421 0 
0.003494 0 
0.005449 0 
0.004350 0 
0.000817 0 
-0.003171 0 
-0.005380 0 
-0.004574 0 
-0.001207 0 
0.002833 0 
0.005283 0 
0.004772 0 
0.001590 0 
-0.002481 0 
-0.005159 0 
-0.004945 0 
-0.001962 0 
0.002117 0 
0.005007 0 
0.005091 0 
0.002324 0 
-0.001743 0 
-0.004830 0 
-0.005209 0 
-0.002671 0 
0.001360 0 
0.004627 0 
0.005300 0 
0.003004 0 
-0.000972 0 
-0.004401 0 
-0.005362 0 
-0.003319 0 
0.000580 0 
0.004152 0 
0.005395 0 
0.003616 0 
-0.000187 0 
-0.003881 0 
-0.005400 0 
-0.003893 0 
-0.000207 0 
0.003592 0 
0.005376 0 
0.004148 0 
0.000598 0 
-0.003284 0 
-0.005323 0 
-0.004380 0 
-0.000985 0 
0.002959 0 
0.005243 0 
0.004588 0 
0.001365 0 
-0.002621 0 
-0.005135 0 
-0.004771 0 
-0.001736 0 
0.002269 0 
0.005000 0 
0.004929 0 
0.002097 0 
-0.001906 0 
-0.004839 0 
-0.005059 0 
-0.002446 0 
0.001535 0 
0.004653 0 
0.005163 0 
0.002781 0 
-0.001156 0 
-0.004443 0 
-0.005239 0 
-0.003100 0 
0.000773 0 
0.004210 0 
0.005286 0 
0.003401 0 
-0.000387 0 
-0.003955 0 
-0.005306 0 
-0.003684 0 
-0.000000 0 
0.003681 0 
0.005297 0 
0.003946 0 
0.000386 0 
-0.003388 0 
-0.005261 0 
-0.004186 0 
-0.000768 0 
0.003077 0 
0.005196 0 
0.004403 0 
0.001145 0 
-0.002752 0 
-0.005104 0 
-0.004597 0 
-0.001515 0 
0.002413 0 
0.004986 0 
0.004765 0 
0.001875 0 
-0.002062 0 
-0.004841 0 
-0.004907 0 
-0.002225 0 
0.001701 0 
0.004671 0 
0.005023 0 
0.002561 0 
-0.001333 0 
-0.004477 0 
-0.005112 0 
-0.002883 0 
0.000958 0 
0.004260 0 
0.005174 0 
0.003189 0 
-0.000580 0 
-0.004021 0 
-0.005208 0 
-0.003477 0 
0.000200 0 
0.003762 0 
0.005214 0 
0.003745 0 
0.000180 0 
-0.003483 0 
-0.005192 0 
-0.003993 0 
-0.000558 0 
0.003187 0 
0.005144 0 
0.004218 0 
0.000931 0 
-0.002875 0 
-0.005068 0 
-0.004421 0 
-0.001299 0 
0.002548 0 
0.004965 0 
0.004599 0 
0.001658 0 
-0.002209 0 
-0.004836 0 
-0.004753 0 
-0.002008 0 
0.001860 0 
0.004683 0 
0.004881 0 
0.002345 0 
-0.001501 0 
-0.004504 0 
-0.004982 0 
-0.002670 0 
0.001136 0 
0.004303 0 
0.005057 0 
0.002979 0 
-0.000766 0 
-0.004079 0 
-0.005105 0 
-0.003271 0 
0.000393 0 
0.003835 0 
0.005126 0 
0.003545 0 
-0.000020 0 
-0.003571 0 
-0.005119 0 
-0.003799 0 
-0.000353 0 
0.003288 0 
0.005085 0 
0.004033 0 
0.000723 0 
-0.002990 0 
-0.005025 0 
-0.004244 0 
-0.001087 0 
0.002676 0 
0.004938 0 
0.004432 0 
0.001445 0 
-0.002349 0 
-0.004825 0 
-0.004597 0 
-0.001794 0 
0.002011 0 
0.004687 0 
0.004736 0 
0.002133 0 
-0.001663 0 
-0.004524 0 
-0.004849 0 
-0.002459 0 
0.001307 0 
0.004338 0 
0.004937 0 
0.002771 0 
-0.000945 0 
-0.004129 0 
-0.004998 0 
-0.003067 0 
0.000580 0 
0.003900 0 
0.005033 0 
0.003346 0 
-0.000213 0 
-0.003650 0 
-0.005040 0 
-0.003607 0 
-0.000155 0 
0.003382 0 
0.005021 0 
0.003848 0 
0.000520 0 
-0.003096 0 
-0.004976 0 
-0.004067 0 
-0.000881 0 
0.002796 0 
0.004904 0 
0.004264 0 
0.001237 0 
-0.002481 0 
-0.004806 0 
-0.004438 0 
-0.001585 0 
0.002154 0 
0.004684 0 
0.004588 0 
0.001924 0 
-0.001816 0 
-0.004536 0 
-0.004714 0 
-0.002251 0 
0.001470 0 
0.004365 0 
0.004814 0 
0.002565 0 
-0.001118 0 
-0.004172 0 
-0.004888 0 
-0.002865 0 
0.000760 0 
0.003957 0 
0.004935 0 
0.003149 0 
-0.000400 0 
-0.003722 0 
-0.004957 0 
-0.003415 0 
0.000038 0 
0.003467 0 
0.004952 0 
0.003663 0 
0.000323 0 
-0.003195 0 
-0.004921 0 
-0.003890 0 
-0.000680 0 
0.002907 0 
0.004864 0 
0.004095 0 
0.001034 0 
-0.002605 0 
-0.004782 0 
-0.004279 0 
-0.001380 0 
0.002289 0 
0.004674 0 
0.004439 0 
0.001718 0 
-0.001963 0 
-0.004542 0 
-0.004575 0 
-0.002046 0 
0.001627 0 
0.004386 0 
0.004687 0 
0.002363 0 
-0.001283 0 
-0.004207 0 
-0.004773 0 
-0.002666 0 
0.000933 0 
0.004007 0 
0.004834 0 
0.002953 0 
-0.000580 0 
-0.003786 0 
-0.004869 0 
-0.003224 0 
0.000225 0 
0.003545 0 
0.004878 0 
0.003478 0 
0.000131 0 
-0.003287 0 
-0.004861 0 
-0.003712 0 
-0.000485 0 
0.003012 0 
0.004819 0 
0.003926 0 
0.000835 0 
-0.002721 0 
-0.004751 0 
-0.004118 0 
-0.001179 0 
0.002417 0 
0.004658 0 
0.004288 0 
0.001517 0 
-0.002102 0 
-0.004540 0 
-0.004435 0 
-0.001845 0 
0.001776 0 
0.004399 0 
0.004557 0 
0.002163 0 
-0.001441 0 
-0.004235 0 
-0.004655 0 
-0.002468 0 
0.001100 0 
0.004049 0 
0.004729 0 
0.002759 0 
-0.000754 0 
-0.003843 0 
-0.004777 0 
-0.003035 0 
0.000405 0 
0.003616 0 
0.004799 0 
0.003294 0 
-0.000055 0 
-0.003371 0 
-0.004796 0 
-0.003534 0 
-0.000294 0 
0.003108 0 
0.004768 0 
0.003755 0 
0.000641 0 
-0.002830 0 
-0.004714 0 
-0.003956 0 
-0.000983 0 
0.002538 0 
0.004635 0 
0.004135 0 
0.001319 0 
-0.002233 0 
-0.004533 0 
-0.004292 0 
-0.001647 0 
0.001918 0 
0.004406 0 
0.004425 0 
0.001966 0 
-0.001593 0 
-0.004256 0 
-0.004534 0 
-0.002273 0 
0.001260 0 
0.004085 0 
0.004620 0 
0.002567 0 
-0.000922 0 
-0.003892 0 
-0.004680 0 
-0.002846 0 
0.000580 0 
0.003679 0 
0.004715 0 
0.003110 0 
-0.000236 0 
-0.003447 0 
-0.004726 0 
-0.003357 0 
-0.000109 0 
0.003198 0 
0.004711 0 
0.003585 0 
0.000452 0 
-0.002932 0 
-0.004671 0 
-0.003793 0 
-0.000791 0 
0.002652 0 
0.004607 0 
0.003981 0 
0.001125 0 
-0.002358 0 
-0.004518 0 
-0.004147 0 
-0.001453 0 
0.002053 0 
0.004406 0 
0.004290 0 
0.001771 0 
-0.001737 0 
-0.004271 0 
-0.004410 0 
-0.002080 0 
0.001414 0 
0.004113 0 
0.004507 0 
0.002376 0 
-0.001084 0 
-0.003934 0 
-0.004579 0 
-0.002659 0 
0.000749 0 
0.003735 0 
0.004627 0 
0.002928 0 
-0.000411 0 
-0.003516 0 
-0.004651 0 
-0.003179 0 
0.000071 0 
0.003280 0 
0.004649 0 
0.003414 0 
0.000267 0 
-0.003027 0 
-0.004623 0 
-0.003629 0 
-0.000603 0 
0.002758 0 
0.004573 0 
0.003825 0 
0.000936 0 
-0.002476 0 
-0.004498 0 
-0.004000 0 
-0.001262 0 
0.002181 0 
0.004400 0 
0.004153 0 
0.001580 0 
-0.001875 0 
-0.004278 0 
-0.004284 0 
-0.001890 0 
0.001561 0 
0.004135 0 
0.004391 0 
0.002188 0 
-0.001239 0 
-0.003970 0 
-0.004475 0 
-0.002474 0 
0.000911 0 
0.003784 0 
0.004535 0 
0.002746 0 
-0.000580 0 
-0.003579 0 
-0.004571 0 
-0.003003 0 
0.000246 0 
0.003355 0 
0.004583 0 
0.003243 0 
0.000088 0 
-0.003114 0 
-0.004570 0 
-0.003465 0 
-0.000420 0 
0.002857 0 
0.004533 0 
0.003668 0 
0.000750 0 
-0.002586 0 
-0.004472 0 
-0.003851 0 
-0.001074 0 
0.002302 0 
0.004387 0 
0.004014 0 
0.001392 0 
-0.002007 0 
-0.004280 0 
-0.004154 0 
-0.001702 0 
0.001702 0 
0.004150 0 
0.004272 0 
0.002002 0 
-0.001388 0 
-0.003998 0 
-0.004367 0 
-0.002290 0 
0.001068 0 
0.003826 0 
0.004439 0 
0.002566 0 
-0.000743 0 
-0.003634 0 
-0.004487 0 
-0.002827 0 
0.000416 0 
0.003423 0 
0.004511 0 
0.003072 0 
-0.000087 0 
-0.003195 0 
-0.004511 0 
-0.003300 0 
-0.000242 0 
0.002950 0 
0.004487 0 
0.003511 0 
0.000568 0 
-0.002690 0 
-0.004440 0 
-0.003702 0 
-0.000891 0 
0.002417 0 
0.004369 0 
0.003873 0 
0.001208 0 
-0.002132 0 
-0.004275 0 
-0.004022 0 
-0.001517 0 
0.001836 0 
0.004158 0 
0.004151 0 
0.001818 0 
-0.001531 0 
-0.004020 0 
-0.004256 0 
-0.002108 0 
0.001219 0 
0.003861 0 
0.004339 0 
0.002387 0 
-0.000901 0 
-0.003682 0 
-0.004399 0 
-0.002652 0 
0.000580 0 
0.003484 0 
0.004435 0 
0.002902 0 
-0.000256 0 
-0.003268 0 
-0.004448 0 
-0.003136 0 
-0.000068 0 
0.003035 0 
0.004437 0 
0.003352 0 
0.000391 0 
-0.002787 0 
-0.004402 0 
-0.003551 0 
-0.000711 0 
0.002525 0 
0.004344 0 
0.003730 0 
0.001027 0 
-0.002250 0 
-0.004264 0 
-0.003888 0 
-0.001336 0 
0.001963 0 
0.004161 0 
0.004026 0 
0.001637 0 
-0.001668 0 
-0.004036 0 
-0.004142 0 
-0.001928 0 
0.001364 0 
0.003890 0 
0.004236 0 
0.002209 0 
-0.001054 0 
-0.003724 0 
-0.004307 0 
-0.002477 0 
0.000738 0 
0.003538 0 
0.004355 0 
0.002732 0 
-0.000420 0 
-0.003335 0 
-0.004380 0 
-0.002971 0 
0.000101 0 
0.003114 0 
0.004381 0 
0.003194 0 
0.000218 0 
-0.002877 0 
-0.004359 0 
-0.003399 0 
-0.000535 0 
0.002626 0 
0.004314 0 
0.003585 0 
0.000849 0 
-0.002361 0 
-0.004247 0 
-0.003753 0 
-0.001157 0 
0.002085 0 
0.004157 0 
0.003899 0 
0.001458 0 
-0.001798 0 
-0.004045 0 
-0.004025 0 
-0.001751 0 
0.001503 0 
0.003912 0 
0.004129 0 
0.002033 0 
-0.001200 0 
-0.003759 0 
-0.004211 0 
-0.002304 0 
0.000892 0 
0.003586 0 
0.004270 0 
0.002562 0 
-0.000580 0 
-0.003395 0 
-0.004307 0 
-0.002806 0 
0.000265 0 
0.003186 0 
0.004321 0 
0.003034 0 
0.000050 0 
-0.002961 0 
-0.004311 0 
-0.003246 0 
-0.000364 0 
0.002721 0 
0.004279 0 
0.003440 0 
0.000675 0 
-0.002467 0 
-0.004224 0 
-0.003615 0 
-0.000981 0 
0.002200 0 
0.004147 0 
0.003770 0 
0.001282 0 
-0.001923 0 
-0.004048 0 
-0.003905 0 
-0.001575 0 
0.001636 0 
0.003928 0 
0.004019 0 
0.001859 0 
-0.001341 0 
-0.003788 0 
-0.004112 0 
-0.002133 0 
0.001040 0 
0.003628 0 
0.004182 0 
0.002394 0 
-0.000734 0 
-0.003448 0 
-0.004230 0 
-0.002642 0 
0.000425 0 
0.003252 0 
0.004255 0 
0.002875 0 
-0.000114 0 
-0.003038 0 
-0.004258 0 
-0.003093 0 
-0.000196 0 
0.002809 0 
0.004238 0 
0.003293 0 
0.000504 0 
-0.002565 0 
-0.004196 0 
-0.003476 0 
-0.000809 0 
0.002309 0 
0.004132 0 
0.003639 0 
0.001109 0 
-0.002041 0 
-0.004046 0 
-0.003783 0 
-0.001402 0 
0.001763 0 
0.003938 0 
0.003907 0 
0.001687 0 
-0.001476 0 
-0.003810 0 
-0.004009 0 
-0.001962 0 
0.001182 0 
0.003662 0 
0.004090 0 
0.002226 0 
-0.000883 0 
-0.003496 0 
-0.004149 0 
-0.002478 0 
0.000580 0 
0.003311 0 
0.004186 0 
0.002716 0 
-0.000274 0 
-0.003109 0 
-0.004200 0 
-0.002939 0 
-0.000032 0 
0.002891 0 
0.004193 0 
0.003146 0 
0.000337 0 
-0.002658 0 
-0.004163 0 
-0.003335 0 
-0.000640 0 
0.002412 0 
0.004111 0 
0.003506 0 
0.000939 0 
-0.002153 0 
-0.004037 0 
-0.003659 0 
-0.001231 0 
0.001884 0 
0.003942 0 
0.003791 0 
0.001517 0 
-0.001605 0 
-0.003827 0 
-0.003903 0 
-0.001794 0 
0.001319 0 
0.003691 0 
0.003994 0 
0.002060 0 
-0.001027 0 
-0.003536 0 
-0.004064 0 
-0.002315 0 
0.000729 0 
0.003363 0 
0.004112 0 
0.002557 0 
-0.000429 0 
-0.003173 0 
-0.004138 0 
-0.002785 0 
0.000127 0 
0.002966 0 
0.004142 0 
0.002997 0 
0.000175 0 
-0.002744 0 
-0.004124 0 
-0.003193 0 
-0.000475 0 
0.002508 0 
0.004084 0 
0.003372 0 
0.000771 0 
-0.002259 0 
-0.004023 0 
-0.003532 0 
-0.001063 0 
0.001999 0 
0.003940 0 
0.003673 0 
0.001349 0 
-0.001729 0 
-0.003837 0 
-0.003794 0 
-0.001627 0 
0.001451 0 
0.003714 0 
0.003895 0 
0.001895 0 
-0.001165 0 
-0.003571 0 
-0.003975 0 
-0.002153 0 
0.000874 0 
0.003410 0 
0.004034 0 
0.002398 0 
-0.000579 0 
-0.003231 0 
-0.004071 0 
-0.002631 0 
0.000282 0 
0.003035 0 
0.004087 0 
0.002848 0 
0.000016 0 
-0.002824 0 
-0.004080 0 
-0.003050 0 
-0.000313 0 
0.002598 0 
0.004052 0 
0.003236 0 
0.000607 0 
-0.002359 0 
-0.004003 0 
-0.003404 0 
-0.000898 0 
0.002109 0 
0.003933 0 
0.003553 0 
0.001183 0 
-0.001847 0 
-0.003842 0 
-0.003683 0 
-0.001462 0 
0.001577 0 
0.003730 0 
0.003793 0 
0.001732 0 
-0.001299 0 
-0.003600 0 
-0.003883 0 
-0.001992 0 
0.001014 0 
0.003450 0 
0.003952 0 
0.002240 0 
-0.000725 0 
-0.003283 0 
-0.004000 0 
-0.002477 0 
0.000433 0 
0.003098 0 
0.004027 0 
0.002699 0 
-0.000139 0 
-0.002898 0 
-0.004032 0 
-0.002907 0 
-0.000155 0 
0.002683 0 
0.004016 0 
0.003099 0 
0.000447 0 
-0.002454 0 
-0.003978 0 
-0.003273 0 
-0.000736 0 
0.002212 0 
0.003920 0 
0.003431 0 
0.001020 0 
-0.001960 0 
-0.003840 0 
-0.003569 0 
-0.001299 0 
0.001697 0 
0.003741 0 
0.003688 0 
0.001570 0 
-0.001427 0 
-0.003622 0 
-0.003788 0 
-0.001831 0 
0.001149 0 
0.003484 0 
0.003867 0 
0.002083 0 
-0.000866 0 
-0.003328 0 
-0.003925 0 
-0.002323 0 
0.000579 0 
0.003155 0 
0.003962 0 
0.002550 0 
-0.000290 0 
-0.002966 0 
-0.003979 0 
-0.002763 0 
0.000000 0 
0.002761 0 
0.003974 0 
0.002960 0 
0.000289 0 
-0.002542 0 
-0.003948 0 
-0.003142 0 
-0.000577 0 
0.002310 0 
0.003901 0 
0.003306 0 
0.000860 0 
-0.002067 0 
-0.003834 0 
-0.003453 0 
-0.001138 0 
0.001813 0 
0.003746 0 
0.003580 0 
0.001409 0 
-0.001550 0 
-0.003639 0 
-0.003689 0 
-0.001673 0 
0.001279 0 
0.003513 0 
0.003778 0 
0.001927 0 
-0.001002 0 
-0.003368 0 
-0.003846 0 
-0.002169 0 
0.000721 0 
0.003206 0 
0.003894 0 
0.002400 0 
-0.000437 0 
-0.003028 0 
-0.003921 0 
-0.002618 0 
0.000151 0 
0.002833 0 
0.003927 0 
0.002821 0 
0.000135 0 
-0.002624 0 
-0.003913 0 
-0.003009 0 
-0.000420 0 
0.002402 0 
0.003877 0 
0.003180 0 
0.000702 0 
-0.002168 0 
-0.003822 0 
-0.003334 0 
-0.000980 0 
0.001922 0 
0.003746 0 
0.003470 0 
0.001251 0 
-0.001667 0 
-0.003650 0 
-0.003587 0 
-0.001515 0 
0.001404 0 
0.003535 0 
0.003685 0 
0.001771 0 
-0.001134 0 
-0.003402 0 
-0.003764 0 
-0.002017 0 
0.000859 0 
0.003251 0 
0.003822 0 
0.002251 0 
-0.000579 0 
-0.003083 0 
-0.003859 0 
-0.002473 0 
0.000298 0 
0.002900 0 
0.003876 0 
0.002681 0 
-0.000015 0 
-0.002701 0 
-0.003873 0 
-0.002875 0 
-0.000267 0 
0.002488 0 
0.003849 0 
0.003052 0 
0.000547 0 
-0.002263 0 
-0.003804 0 
-0.003214 0 
-0.000824 0 
0.002026 0 
0.003740 0 
0.003357 0 
0.001095 0 
-0.001780 0 
-0.003656 0 
-0.003483 0 
-0.001360 0 
0.001524 0 
0.003552 0 
0.003590 0 
0.001617 0 
-0.001261 0 
-0.003430 0 
-0.003677 0 
-0.001865 0 
0.000991 0 
0.003291 0 
0.003745 0 
0.002102 0 
-0.000717 0 
-0.003134 0 
-0.003793 0 
-0.002328 0 
0.000440 0 
0.002960 0 
0.003821 0 
0.002541 0 
-0.000162 0 
-0.002772 0 
-0.003828 0 
-0.002740 0 
-0.000117 0 
0.002569 0 
0.003815 0 
0.002924 0 
0.000395 0 
-0.002353 0 
-0.003782 0 
-0.003091 0 
-0.000670 0 
0.002125 0 
0.003729 0 
0.003243 0 
0.000941 0 
-0.001887 0 
-0.003656 0 
-0.003376 0 
-0.001206 0 
0.001639 0 
0.003564 0 
0.003492 0 
0.001464 0 
-0.001382 0 
-0.003453 0 
-0.003588 0 
-0.001714 0 
0.001119 0 
0.003324 0 
0.003666 0 
0.001954 0 
-0.000851 0 
-0.003178 0 
-0.003723 0 
-0.002183 0 
0.000579 0 
0.003015 0 
0.003761 0 
0.002400 0 
-0.000305 0 
-0.002837 0 
-0.003779 0 
-0.002604 0 
0.000029 0 
0.002644 0 
0.003777 0 
0.002793 0 
0.000246 0 
-0.002438 0 
-0.003754 0 
-0.002968 0 
-0.000519 0 
0.002219 0 
0.003712 0 
0.003126 0 
0.000789 0 
-0.001988 0 
-0.003650 0 
-0.003267 0 
-0.001054 0 
0.001748 0 
0.003569 0 
0.003390 0 
0.001313 0 
-0.001499 0 
-0.003470 0 
-0.003496 0 
-0.001564 0 
0.001243 0 
0.003352 0 
0.003582 0 
0.001806 0 
-0.000981 0 
-0.003217 0 
-0.003650 0 
-0.002038 0 
0.000714 0 
0.003064 0 
0.003697 0 
0.002259 0 
-0.000444 0 
-0.002896 0 
-0.003725 0 
-0.002467 0 
0.000172 0 
0.002713 0 
0.003734 0 
0.002662 0 
0.000100 0 
-0.002516 0 
-0.003722 0 
-0.002842 0 
-0.000371 0 
0.002307 0 
0.003691 0 
0.003007 0 
0.000639 0 
-0.002085 0 
-0.003640 0 
-0.003155 0 
-0.000904 0 
0.001853 0 
0.003570 0 
0.003287 0 
0.001163 0 
-0.001611 0 
-0.003481 0 
-0.003400 0 
-0.001415 0 
0.001362 0 
0.003374 0 
0.003496 0 
0.001659 0 
-0.001106 0 
-0.003250 0 
-0.003572 0 
-0.001894 0 
0.000844 0 
0.003108 0 
0.003630 0 
0.002118 0 
-0.000579 0 
-0.002950 0 
-0.003668 0 
-0.002331 0 
0.000311 0 
0.002777 0 
0.003686 0 
0.002530 0 
-0.000042 0 
-0.002590 0 
-0.003685 0 
-0.002716 0 
-0.000226 0 
0.002389 0 
0.003665 0 
0.002887 0 
0.000493 0 
-0.002176 0 
-0.003625 0 
-0.003042 0 
-0.000756 0 
0.001952 0 
0.003565 0 
0.003181 0 
0.001015 0 
-0.001718 0 
-0.003487 0 
-0.003302 0 
-0.001268 0 
0.001476 0 
0.003391 0 
0.003406 0 
0.001513 0 
-0.001226 0 
-0.003277 0 
-0.003492 0 
-0.001750 0 
0.000971 0 
0.003146 0 
0.003558 0 
0.001977 0 
-0.000710 0 
-0.002999 0 
-0.003606 0 
-0.002193 0 
0.000447 0 
0.002835 0 
0.003635 0 
0.002397 0 
-0.000182 0 
-0.002658 0 
-0.003644 0 
-0.002588 0 
-0.000084 0 
0.002466 0 
0.003634 0 
0.002765 0 
0.000348 0 
-0.002262 0 
-0.003604 0 
-0.002927 0 
-0.000610 0 
0.002046 0 
0.003556 0 
0.003072 0 
0.000869 0 
-0.001820 0 
-0.003488 0 
-0.003202 0 
-0.001122 0 
0.001585 0 
0.003403 0 
0.003314 0 
0.001368 0 
-0.001342 0 
-0.003299 0 
-0.003408 0 
-0.001607 0 
0.001093 0 
0.003179 0 
0.003483 0 
0.001837 0 
-0.000838 0 
-0.003041 0 
-0.003541 0 
-0.002056 0 
0.000579 0 
0.002888 0 
0.003579 0 
0.002264 0 
-0.000318 0 
-0.002720 0 
-0.003598 0 
-0.002460 0 
0.000055 0 
0.002538 0 
0.003598 0 
0.002642 0 
0.000207 0 
-0.002343 0 
-0.003579 0 
-0.002810 0 
-0.000467 0 
0.002136 0 
0.003541 0 
0.002962 0 
0.000725 0 
-0.001918 0 
-0.003484 0 
-0.003099 0 
-0.000978 0 
0.001690 0 
0.003409 0 
0.003218 0 
0.001225 0 
-0.001454 0 
-0.003316 0 
-0.003321 0 
-0.001465 0 
0.001210 0 
0.003206 0 
0.003405 0 
0.001697 0 
-0.000961 0 
-0.003079 0 
-0.003471 0 
-0.001919 0 
0.000707 0 
0.002936 0 
0.003519 0 
0.002131 0 
-0.000450 0 
-0.002777 0 
-0.003548 0 
-0.002331 0 
0.000191 0 
0.002605 0 
0.003558 0 
0.002518 0 
0.000068 0 
-0.002418 0 
-0.003549 0 
-0.002691 0 
-0.000327 0 
0.002220 0 
0.003521 0 
0.002850 0 
0.000583 0 
-0.002010 0 
-0.003475 0 
-0.002993 0 
-0.000835 0 
0.001790 0 
0.003411 0 
0.003120 0 
0.001083 0 
-0.001560 0 
-0.003328 0 
-0.003231 0 
-0.001324 0 
0.001323 0 
0.003228 0 
0.003324 0 
0.001557 0 
-0.001080 0 
-0.003111 0 
-0.003399 0 
-0.001782 0 
0.000831 0 
0.002978 0 
0.003455 0 
0.001997 0 
-0.000579 0 
-0.002829 0 
-0.003494 0 
-0.002201 0 
0.000324 0 
0.002666 0 
0.003514 0 
0.002393 0 
-0.000067 0 
-0.002489 0 
-0.003515 0 
-0.002572 0 
-0.000189 0 
0.002299 0 
0.003497 0 
0.002736 0 
0.000443 0 
-0.002097 0 
-0.003461 0 
-0.002886 0 
-0.000695 0 
0.001885 0 
0.003407 0 
0.003020 0 
0.000942 0 
-0.001663 0 
-0.003335 0 
-0.003138 0 
-0.001184 0 
0.001432 0 
0.003245 0 
0.003239 0 
0.001419 0 
-0.001195 0 
-0.003138 0 
-0.003323 0 
-0.001646 0 
0.000952 0 
0.003015 0 
0.003388 0 
0.001864 0 
-0.000704 0 
-0.002876 0 
-0.003436 0 
-0.002071 0 
0.000453 0 
0.002722 0 
0.003465 0 
0.002267 0 
-0.000200 0 
-0.002554 0 
-0.003476 0 
-0.002451 0 
-0.000053 0 
0.002373 0 
0.003469 0 
0.002621 0 
0.000306 0 
-0.002179 0 
-0.003443 0 
-0.002777 0 
-0.000556 0 
0.001975 0 
0.003398 0 
0.002918 0 
0.000803 0 
-0.001760 0 
-0.003336 0 
-0.003043 0 
-0.001045 0 
0.001537 0 
0.003257 0 
0.003152 0 
0.001281 0 
-0.001306 0 
-0.003160 0 
-0.003243 0 
-0.001510 0 
0.001068 0 
0.003047 0 
0.003318 0 
0.001730 0 
-0.000825 0 
-0.002917 0 
-0.003374 0 
-0.001941 0 
0.000579 0 
0.002773 0 
0.003413 0 
0.002141 0 
-0.000329 0 
-0.002614 0 
-0.003433 0 
-0.002329 0 
0.000079 0 
0.002442 0 
0.003435 0 
0.002504 0 
0.000171 0 
-0.002257 0 
-0.003419 0 
-0.002666 0 
-0.000420 0 
0.002060 0 
0.003385 0 
0.002813 0 
0.000666 0 
-0.001853 0 
-0.003333 0 
-0.002945 0 
-0.000908 0 
0.001637 0 
0.003263 0 
0.003061 0 
0.001145 0 
-0.001412 0 
-0.003177 0 
-0.003161 0 
-0.001375 0 
0.001180 0 
0.003073 0 
0.003244 0 
0.001597 0 
-0.000943 0 
-0.002954 0 
-0.003309 0 
-0.001811 0 
0.000701 0 
0.002819 0 
0.003357 0 
0.002014 0 
-0.000456 0 
-0.002669 0 
-0.003386 0 
-0.002206 0 
0.000209 0 
0.002505 0 
0.003398 0 
0.002387 0 
0.000039 0 
-0.002329 0 
-0.003391 0 
-0.002554 0 
-0.000286 0 
0.002141 0 
0.003367 0 
0.002707 0 
0.000531 0 
-0.001941 0 
-0.003325 0 
-0.002846 0 
-0.000773 0 
0.001732 0 
0.003265 0 
0.002969 0 
0.001010 0 
-0.001514 0 
-0.003188 0 
-0.003076 0 
-0.001241 0 
0.001288 0 
0.003095 0 
0.003167 0 
0.001465 0 
-0.001057 0 
-0.002985 0 
-0.003240 0 
-0.001681 0 
0.000819 0 
0.002859 0 
0.003297 0 
0.001887 0 
-0.000579 0 
-0.002719 0 
-0.003335 0 
-0.002083 0 
0.000335 0 
0.002564 0 
0.003356 0 
0.002268 0 
-0.000090 0 
-0.002397 0 
-0.003359 0 
-0.002440 0 
-0.000155 0 
0.002216 0 
0.003345 0 
0.002599 0 
0.000398 0 
-0.002025 0 
-0.003312 0 
-0.002744 0 
-0.000639 0 
0.001823 0 
0.003262 0 
0.002874 0 
0.000876 0 
-0.001612 0 
-0.003195 0 
-0.002988 0 
-0.001107 0 
0.001392 0 
0.003111 0 
0.003086 0 
0.001333 0 
-0.001166 0 
-0.003011 0 
-0.003168 0 
-0.001551 0 
0.000934 0 
0.002895 0 
0.003233 0 
0.001760 0 
-0.000698 0 
-0.002764 0 
-0.003281 0 
-0.001960 0 
0.000458 0 
0.002618 0 
0.003311 0 
0.002148 0 
-0.000217 0 
-0.002459 0 
-0.003323 0 
-0.002325 0 
-0.000025 0 
0.002287 0 
0.003318 0 
0.002489 0 
0.000267 0 
-0.002104 0 
-0.003295 0 
-0.002640 0 
-0.000507 0 
0.001909 0 
0.003255 0 
0.002776 0 
0.000743 0 
-0.001705 0 
-0.003197 0 
-0.002898 0 
-0.000975 0 
0.001492 0 
0.003123 0 
0.003004 0 
0.001202 0 
-0.001272 0 
-0.003032 0 
-0.003093 0 
-0.001421 0 
0.001046 0 
0.002926 0 
0.003166 0 
0.001633 0 
-0.000814 0 
-0.002804 0 
-0.003222 0 
-0.001836 0 
0.000578 0 
0.002667 0 
0.003261 0 
0.002028 0 
-0.000340 0 
-0.002517 0 
-0.003283 0 
-0.002209 0 
0.000101 0 
0.002353 0 
0.003287 0 
0.002378 0 
0.000139 0 
-0.002178 0 
-0.003273 0 
-0.002535 0 
-0.000377 0 
0.001991 0 
0.003242 0 
0.002677 0 
0.000613 0 
-0.001794 0 
-0.003195 0 
-0.002805 0 
-0.000845 0 
0.001588 0 
0.003130 0 
0.002918 0 
0.001072 0 
-0.001374 0 
-0.003049 0 
-0.003015 0 
-0.001293 0 
0.001153 0 
0.002951 0 
0.003096 0 
0.001506 0 
-0.000926 0 
-0.002839 0 
-0.003160 0 
-0.001712 0 
0.000695 0 
0.002711 0 
0.003208 0 
0.001907 0 
-0.000461 0 
-0.002570 0 
-0.003238 0 
-0.002093 0 
0.000225 0 
0.002415 0 
0.003251 0 
0.002266 0 
0.000012 0 
-0.002247 0 
-0.003247 0 
-0.002428 0 
-0.000249 0 
0.002068 0 
0.003226 0 
0.002576 0 
0.000484 0 
-0.001879 0 
-0.003187 0 
-0.002710 0 
-0.000715 0 
0.001679 0 
0.003132 0 
0.002830 0 
0.000943 0 
-0.001472 0 
-0.003060 0 
-0.002934 0 
-0.001165 0 
0.001256 0 
0.002972 0 
0.003023 0 
0.001380 0 
-0.001035 0 
-0.002869 0 
-0.003095 0 
-0.001588 0 
0.000809 0 
0.002751 0 
0.003151 0 
0.001786 0 
-0.000578 0 
-0.002618 0 
-0.003190 0 
-0.001975 0 
0.000345 0 
0.002471 0 
0.003212 0 
0.002153 0 
-0.000111 0 
-0.002312 0 
-0.003217 0 
-0.002319 0 
-0.000123 0 
0.002141 0 
0.003205 0 
0.002473 0 
0.000357 0 
-0.001959 0 
-0.003176 0 
-0.002613 0 
-0.000588 0 
0.001766 0 
0.003130 0 
0.002739 0 
0.000815 0 
-0.001565 0 
-0.003067 0 
-0.002851 0 
-0.001037 0 
0.001356 0 
0.002989 0 
0.002947 0 
0.001254 0 
-0.001140 0 
-0.002894 0 
-0.003027 0 
-0.001464 0 
0.000918 0 
0.002785 0 
0.003091 0 
0.001665 0 
-0.000692 0 
-0.002661 0 
-0.003138 0 
-0.001857 0 
0.000463 0 
0.002523 0 
0.003169 0 
0.002039 0 
-0.000232 0 
-0.002372 0 
-0.003183 0 
-0.002210 0 
-0.000000 0 
